	"morphotype" "CEL" "TS1" "TS2" "TS3" "TS4" "TS5" "TS6" "TS7" "TS8" "TS9" "TS10" "TS11" "TS12" "TS13" "PYL"
"AMNH-FI-115547" 13 2.4019 0.2797 0.2758 0.2614 0.2774 0.2635 0.273 0.2479 0.2407 0.2156 0.203 0.1937 0.1516 0.1381 0.471
"AMNH-FI-115548" 13 3.707 0.3995 0.3898 0.406 0.4041 0.4528 0.4088 0.3819 0.3706 0.3495 0.3124 0.3009 0.259 0.244 1.0901
"AMNH-FI-115553" 13 4.928 0.5814 0.5768 0.563 0.5643 0.5647 0.5692 0.5344 0.5154 0.5537 0.3021 0.4275 0.3899 0.3669 1.4701
"AMNH-FI-115555" 13 2.5595 0.3243 0.2884 0.2945 0.2897 0.2902 0.2905 0.2631 0.2521 0.2279 0.217 0.1887 0.1651 0.1666 0.61
"AMNH-FI-115563" 13 2.9301 0.3423 0.3295 0.2968 0.294 0.3144 0.3219 0.2924 0.2674 0.2503 0.2356 0.2241 0.1749 0.1699 0.642
"AMNH-FI-115564" 13 3.4592 0.3954 0.3776 0.3555 0.385 0.3678 0.382 0.3608 0.3624 0.3418 0.2997 0.274 0.2507 0.2108 1.041
"AMNH-FI-115565" 13 2.7173 0.3001 0.3077 0.3071 0.3154 0.301 0.3118 0.2846 0.2561 0.239 0.2259 0.2128 0.1657 0.1562 0.5741
"AMNH-FI-115567" 13 3.2392 0.4092 0.3806 0.3463 0.3753 0.3628 0.3596 0.3779 0.2955 0.2972 0.2938 0.2689 0.2209 0.1956 0.8839
"AMNH-FI-115569" 13 4.581 0.5086 0.5012 0.5012 0.5351 0.5121 0.5266 0.5085 0.4658 0.4649 0.4185 0.392 0.3584 0.3422 1.4518
"AMNH-FI-115570" 13 2.8691 0.3115 0.3169 0.3254 0.3085 0.3417 0.3106 0.3097 0.319 0.2768 0.2593 0.2372 0.2064 0.2037 0.7051
"AMNH-FI-115577" 13 3.365 0.3108 0.3768 0.3676 0.3696 0.3705 0.3723 0.3373 0.3227 0.2983 0.2861 0.2573 0.2173 0.2022 0.86
"AMNH-FI-115584" 13 7.9893 0.8883 0.8618 0.8059 0.9072 0.8772 0.8578 0.895 0.835 0.8451 0.7413 0.7335 0.679 0.591 3.0898
"AMNH-FI-115585" 13 8.716 0.912 0.9909 0.9721 0.9903 1.0804 0.9809 0.9989 0.9785 0.8813 0.8728 0.8409 0.728 0.6766 3.6341
"AMNH-FI-115587" 13 3.1824 0.3251 0.3159 0.3621 0.3668 0.3599 0.3318 0.3279 0.3378 0.2826 0.2795 0.243 0.2319 0.1991 0.7714
"AMNH-FI-115589" 13 5.2487 0.5447 0.5526 0.6023 0.5935 0.556 0.641 0.5737 0.5257 0.5447 0.4829 0.4667 0.4226 0.3818 1.8291
"AMNH-FI-115590" 13 6.9047 0.7202 0.6787 0.7524 0.7999 0.7068 0.7931 0.7557 0.7546 0.7036 0.6663 0.6205 0.5711 0.5123 2.6851
"AMNH-FI-115591" 13 9.6 1.026 1.1178 1.1058 1.1782 1.2101 1.1776 1.1395 1.1233 1.1048 1.0276 0.9887 0.8909 0.8505 4.451
"AMNH-FI-115592" 13 4.4089 0.4697 0.4968 0.4942 0.5156 0.5067 0.5015 0.4489 0.4899 0.4456 0.4446 0.3855 0.3483 0.3134 1.3796
"AMNH-FI-115604" 13 6.2738 0.4703 0.6573 0.7383 0.6759 0.3698 0.6956 0.7236 0.6638 0.6703 0.5845 0.5961 0.5113 0.5018 2.2884
"AMNH-FI-115614" 13 3.2492 0.3703 0.3513 0.374 0.3504 0.3505 0.3444 0.3298 0.2765 0.2879 0.254 0.244 0.1976 0.1879 0.7495
"AMNH-FI-115621" 13 5.0947 0.4716 0.5094 0.5777 0.5462 0.6219 0.6101 0.5588 0.5572 0.529 0.5125 0.4476 0.4356 0.4119 1.931
"AMNH-FI-115634" 13 3.3506 0.3409 0.3734 0.374 0.3779 0.3681 0.3693 0.3383 0.3062 0.2965 0.2776 0.2445 0.2124 0.1968 0.8111
"AMNH-FI-115635" 13 2.5505 0.3126 0.3114 0.2947 0.2994 0.2885 0.2674 0.282 0.2631 0.2314 0.2282 0.2011 0.1879 0.1659 0.6543
"AMNH-FI-115636" 13 2.59 0.3031 0.2926 0.3074 0.2876 0.2931 0.2702 0.2714 0.2485 0.2211 0.2313 0.1959 0.1792 0.151 0.5654
"AMNH-FI-115664" 13 2.4065 0.2766 0.2369 0.2762 0.2811 0.2887 0.265 0.2544 0.2278 0.2276 0.2083 0.1688 0.1338 0.1279 0.4742
"AMNH-FI-115665" 13 3.0392 0.3448 0.362 0.3755 0.3599 0.3556 0.3559 0.2733 0.3028 0.3141 0.2967 0.2598 0.2457 0.2166 0.8046
"AMNH-FI-115668" 13 4.2702 0.4004 0.4179 0.4764 0.5557 0.4471 0.4781 0.3799 0.3601 0.4162 0.3664 0.3263 0.2972 0.2856 1.1851
"AMNH-FI-115669" 13 4.2947 0.5175 0.5097 0.365 0.4536 0.4319 0.5028 0.4712 0.433 0.4382 0.4045 0.3731 0.358 0.2888 1.3182
"AMNH-FI-115671" 13 9.5713 1.0707 1.0637 1.0592 1.0413 1.1272 1.0478 1.06 1.0095 0.9431 0.9876 0.8322 0.8545 0.7495 3.6091
"AMNH-FI-115673" 13 5.5425 0.6809 0.5921 0.6539 0.5992 0.6345 0.6658 0.6162 0.6103 0.5742 0.506 0.5464 0.4616 0.4211 2.1819
"AMNH-FI-115676" 13 2.5359 0.2436 0.2787 0.2538 0.3012 0.2836 0.2941 0.2313 0.2422 0.2339 0.227 0.1801 0.1816 0.1555 0.5948
"AMNH-FI-115678" 13 4.1352 0.4767 0.4934 0.4541 0.4436 0.4407 0.4483 0.4378 0.397 0.401 0.3795 0.3267 0.2916 0.2796 0.9385
"AMNH-FI-115681" 13 5.8196 0.5402 0.6339 0.6095 0.6893 0.6864 0.6672 0.6594 0.6166 0.6594 0.5561 0.52 0.4882 0.4134 2.1075
"AMNH-FI-115690" 13 3.4272 0.3837 0.357 0.3564 0.3736 0.3663 0.3669 0.3527 0.3344 0.3274 0.3175 0.2689 0.2515 0.2365 1.0963
"AMNH-FI-115699" 13 5.648 0.6803 0.5576 0.6517 0.6862 0.6324 0.6559 0.5776 0.504 0.5674 0.5515 0.5018 0.458 0.415 2.121
"AMNH-FI-115701" 13 4.1522 0.4827 0.4044 0.5322 0.4264 0.4863 0.4554 0.4047 0.4187 0.4244 0.3445 0.3422 0.2991 0.2755 1.2553
"AMNH-FI-115702" 13 2.8831 0.3393 0.3207 0.3221 0.3297 0.325 0.3184 0.2911 0.2918 0.2766 0.229 0.2039 0.1927 0.1774 0.6703
"AMNH-FI-115706" 13 6.2414 0.7379 0.773 0.6982 0.7756 0.6228 0.7683 0.5567 0.6712 0.6815 0.6676 0.5251 0.5365 0.4826 2.5442
"AMNH-FI-115708" 13 5.1051 0.6189 0.5456 0.6192 0.6036 0.5172 0.5925 0.5769 0.5685 0.5467 0.5102 0.4768 0.4292 0.387 1.932
"AMNH-FI-115717" 13 7.957 0.943 0.8856 0.9699 0.9233 0.901 0.9688 0.8778 0.866 0.8165 0.8486 0.7231 0.7121 0.6927 3.1426
"AMNH-FI-115718" 13 3.0369 0.4101 0.3356 0.341 0.3575 0.3857 0.3555 0.3401 0.3228 0.3202 0.282 0.2499 0.2593 0.187 0.8602
"AMNH-FI-115732" 13 2.6603 0.3277 0.298 0.2898 0.32 0.282 0.2875 0.2523 0.2579 0.2487 0.1934 0.1812 0.1574 0.1438 0.4831
"AMNH-FI-115735" 13 7.11 0.8872 0.8189 0.8609 0.8314 0.8572 0.821 0.8502 0.7865 0.7944 0.7242 0.6987 0.6357 0.58 2.7964
"AMNH-FI-115736" 13 13.15 1.5087 1.3434 1.561 1.4019 1.5847 1.57 1.5275 1.5467 1.5123 1.3431 1.3331 1.2504 1.0557 6.1493
"AMNH-FI-115737" 13 5.3454 0.5865 0.5745 0.5657 0.587 0.5652 0.6208 0.5412 0.5667 0.4897 0.5237 0.4467 0.3974 0.3973 1.6604
"AMNH-FI-115740" 13 7.6511 0.852 0.8259 0.8365 0.9399 0.8358 0.8599 0.8277 0.8385 0.7903 0.5321 0.713 0.6787 0.5726 2.974
"AMNH-FI-115741" 13 5.1689 0.5812 0.5866 0.5383 0.6174 0.5874 0.5846 0.5337 0.5817 0.5511 0.5122 0.4546 0.4275 0.418 1.8154
"AMNH-FI-115742" 13 4.9286 0.5794 0.5387 0.5737 0.5619 0.5573 0.5944 0.6017 0.5023 0.5185 0.4576 0.4535 0.408 0.3697 1.7252
"AMNH-FI-115743" 13 6.5336 0.743 0.7359 0.784 0.6933 0.7904 0.7636 0.7515 0.768 0.6821 0.6855 0.6019 0.5407 0.5451 2.4835
"AMNH-FI-115745" 13 3.9209 0.3861 0.3804 0.4306 0.4582 0.4344 0.4205 0.4252 0.4163 0.3902 0.3614 0.3419 0.2998 0.2462 1.2912
"AMNH-FI-115746" 13 4.6042 0.5086 0.5002 0.5304 0.5202 0.5024 0.5387 0.5221 0.4637 0.4617 0.4319 0.4145 0.3914 0.3254 1.5752
"AMNH-FI-115748" 13 2.6627 0.3003 0.2904 0.3014 0.2894 0.2993 0.2849 0.265 0.2529 0.2501 0.2039 0.2029 0.1802 0.159 0.5862
"AMNH-FI-115750" 13 3.3395 0.368 0.3867 0.3816 0.36 0.3893 0.359 0.3338 0.3382 0.2984 0.2836 0.2529 0.2351 0.1911 0.821
"AMNH-FI-115761" 13 2.0834 0.2344 0.2742 0.2297 0.2271 0.2355 0.2275 0.2182 0.2066 0.1746 0.1717 0.1404 0.1431 0.102 0.4662
"AMNH-FI-115766" 13 3.0582 0.3454 0.3653 0.3438 0.3586 0.332 0.3029 0.3289 0.2914 0.2879 0.2269 0.2434 0.2062 0.163 0.6372
"AMNH-FI-115770" 13 3.9793 0.4478 0.4767 0.4465 0.4729 0.4234 0.448 0.4291 0.4453 0.3762 0.3433 0.3522 0.2923 0.2642 1.202
"AMNH-FI-115771" 13 5.1737 0.5541 0.536 0.5737 0.5739 0.5791 0.5858 0.5738 0.5594 0.5216 0.5133 0.4493 0.4165 0.3873 1.9228
"AMNH-FI-115773" 13 5.5328 0.6017 0.6142 0.6046 0.6148 0.6316 0.7034 0.5834 0.6398 0.5956 0.4832 0.5071 0.4575 0.4191 2.2622
"AMNH-FI-115775" 13 4.429 0.4935 0.5132 0.4887 0.5146 0.5058 0.4845 0.4924 0.4984 0.4387 0.4134 0.3849 0.374 0.3237 1.5315
"AMNH-FI-115779" 13 7.4846 0.8567 0.6709 0.7335 0.7005 0.8407 0.8314 0.8855 0.8152 0.7702 0.7638 0.698 0.6525 0.5558 3.0336
"AMNH-FI-115780" 13 4.3015 0.4621 0.5053 0.4827 0.5052 0.4797 0.4899 0.469 0.4359 0.4001 0.386 0.3755 0.3053 0.2993 1.3247
"AMNH-FI-115784" 13 6.957 0.7347 0.7325 0.7565 0.8278 0.7616 0.8276 0.753 0.7826 0.7508 0.6656 0.6871 0.5729 0.5601 2.8389
"AMNH-FI-115785" 13 4.2181 0.5563 0.4603 0.4486 0.5127 0.4938 0.5169 0.4725 0.4444 0.424 0.426 0.3802 0.3279 0.323 1.4991
"AMNH-FI-116692" 13 3.7967 0.4703 0.4267 0.4351 0.4316 0.4464 0.4312 0.3842 0.4212 0.3664 0.3698 0.3279 0.2829 0.2515 1.1982
"AMNH-FI-116741" 13 3.4832 0.4301 0.4184 0.3992 0.3999 0.412 0.4034 0.3892 0.366 0.3472 0.3204 0.3089 0.2646 0.2512 1.125
"AMNH-FI-116745" 13 2.5161 0.2615 0.2816 0.2699 0.2887 0.2876 0.2713 0.2644 0.2362 0.2176 0.228 0.1764 0.1832 0.1488 0.587
"AMNH-FI-116746" 13 2.1463 0.2598 0.2265 0.2375 0.2559 0.2523 0.246 0.2171 0.2255 0.1815 0.1856 0.1509 0.1352 0.1407 0.3661
"AMNH-FI-116747" 13 2.7352 0.3308 0.2951 0.2968 0.3237 0.3073 0.2979 0.2777 0.2531 0.2622 0.2351 0.1891 0.1837 0.1808 0.6749
"AMNH-FI-116755" 13 10.7856 1.0352 1.1989 1.3928 1.2764 1.2469 1.4185 1.2335 1.3016 1.2206 1.1415 1.0979 0.9802 0.9564 4.7667
"AMNH-FI-116756" 13 5.0013 0.4761 0.5746 0.5306 0.552 0.5665 0.5705 0.5184 0.5832 0.518 0.4831 0.4457 0.3873 0.3839 1.7445
"AMNH-FI-116757" 13 7.655 0.8368 0.8994 0.8698 0.9466 0.972 0.8855 0.9378 0.8865 0.8851 0.8179 0.7189 0.6708 0.6873 3.0163
"AMNH-FI-116759" 13 6.271 0.7787 0.6867 0.7045 0.7393 0.6886 0.7411 0.687 0.6766 0.6451 0.6352 0.5367 0.5045 0.4743 2.4271
"AMNH-FI-116760" 13 4.0796 0.4555 0.468 0.4799 0.4395 0.4436 0.4678 0.4249 0.4151 0.3679 0.3742 0.3368 0.2899 0.2751 1.2983
"AMNH-FI-116769" 13 3.6275 0.372 0.4378 0.3767 0.4128 0.389 0.4064 0.3639 0.3652 0.3489 0.309 0.2965 0.2599 0.2296 0.9135
"AMNH-FI-116770" 13 3.3277 0.4388 0.3786 0.4289 0.3642 0.3817 0.3573 0.3454 0.3232 0.2965 0.301 0.2585 0.2432 0.2117 0.6933
"AMNH-FI-116775" 13 8.2938 0.8604 0.971 0.9433 0.9089 0.9707 0.9581 0.9157 0.8082 0.9113 0.8723 0.7055 0.8123 0.6499 3.3045
"AMNH-FI-116780" 13 5.9369 0.7011 0.6493 0.6522 0.6657 0.6437 0.6695 0.6216 0.5737 0.6021 0.5146 0.5006 0.4487 0.4032 1.7143
"AMNH-FI-116781" 13 11.442 1.0463 1.2775 1.2868 1.324 1.3733 1.3242 1.3707 1.3566 1.2451 1.242 1.1459 1.0763 1.0114 4.9021
"AMNH-FI-116783" 13 3.919 0.4443 0.3985 0.4058 0.4513 0.3971 0.4325 0.4068 0.4181 0.3579 0.3598 0.3467 0.2956 0.2584 1.1061
"AMNH-FI-116786" 13 9.97 1.1364 1.2226 1.2742 1.2909 1.2226 1.292 1.2843 1.2618 1.0997 1.1142 1.0081 1.0398 0.8659 4.5882
"AMNH-FI-116787" 13 7.4179 0.7374 0.7467 0.8274 0.8566 0.8624 0.7833 0.8526 0.8142 0.7634 0.7142 0.707 0.6503 0.572 2.8349
"AMNH-FI-116798" 13 2.2925 0.3167 0.1581 0.2466 0.2654 0.2623 0.2476 0.2199 0.2274 0.1924 0.1864 0.1662 0.1407 0.1201 0.482
"AMNH-FI-116808" 13 5.9671 0.7396 0.6367 0.6913 0.6581 0.6995 0.6935 0.6473 0.6558 0.5862 0.5852 0.526 0.4547 0.4272 2.198
"AMNH-FI-116809" 13 4.5029 0.512 0.4971 0.4804 0.5292 0.495 0.5078 0.4733 0.4282 0.4566 0.3987 0.3727 0.3603 0.3278 1.4191
"AMNH-FI-116814" 13 7.7924 0.8668 0.8789 0.8603 0.9198 0.876 0.8999 0.981 0.8999 0.8562 0.7603 0.7108 0.6721 0.6305 2.9616
"AMNH-FI-116815" 13 9.7969 1.2287 1.163 1.0652 1.0618 1.1302 1.236 1.2036 1.2237 1.0736 1.1568 1.1112 0.7554 0.8972 4.791
"AMNH-FI-116817" 13 4.1523 0.4853 0.4982 0.4321 0.4405 0.4678 0.4411 0.5145 0.3825 0.4348 0.3535 0.3704 0.301 0.2814 1.4074
"AMNH-FI-116819" 13 6.1111 0.6363 0.6747 0.6541 0.6835 0.7498 0.6549 0.7121 0.6687 0.5801 0.5612 0.558 0.5139 0.4599 2.3305
"AMNH-FI-116820" 13 7.0974 0.7799 0.7257 0.7984 0.8245 0.8219 0.8122 0.825 0.7636 0.7848 0.6961 0.6839 0.626 0.5452 2.7596
"AMNH-FI-116822" 13 5.3532 0.596 0.5539 0.5469 0.6216 0.604 0.6558 0.5708 0.5591 0.4801 0.5043 0.4929 0.4061 0.6319 1.9874
"AMNH-FI-116823" 13 4.9192 0.5396 0.5913 0.5405 0.5859 0.4333 0.5842 0.5389 0.5179 0.5034 0.4744 0.4347 0.3848 0.3755 1.7379
"AMNH-FI-116828" 13 2.2527 0.2595 0.2861 0.2658 0.2649 0.2542 0.2499 0.2263 0.2253 0.1979 0.169 0.1659 0.1414 0.1029 0.4052
"AMNH-FI-116836" 13 3.9532 0.4716 0.4156 0.4285 0.4316 0.4263 0.4226 0.4319 0.4445 0.3586 0.3886 0.3365 0.3136 0.2868 1.3622
"AMNH-FI-116837" 13 2.268 0.2891 0.2629 0.2544 0.2822 0.2536 0.2693 0.2455 0.2091 0.2162 0.1916 0.174 0.1433 0.136 0.5372
"AMNH-FI-116851" 13 5.0527 0.4762 0.5269 0.5221 0.5509 0.5482 0.5627 0.5193 0.5307 0.4968 0.4359 0.4341 0.4313 0.372 1.8057
"AMNH-FI-116853" 13 2.5103 0.276 0.2838 0.2546 0.2753 0.2723 0.2666 0.2517 0.2188 0.2143 0.1979 0.1607 0.1539 0.1419 0.4424
"AMNH-FI-117141" 13 5.0816 0.5244 0.5992 0.5691 0.5947 0.5771 0.571 0.5698 0.5148 0.5113 0.4749 0.4512 0.3834 0.3809 1.8013
"AMNH-FI-117142" 13 4.4952 0.4988 0.4914 0.5222 0.5261 0.5179 0.4939 0.5175 0.4778 0.4707 0.4195 0.396 0.3687 0.328 1.5075
"AMNH-FI-117143" 13 9.0937 0.8377 1.0401 0.9802 1.0578 1.1109 1.14 0.8548 1.0379 0.9818 0.9515 0.9151 0.8122 0.828 3.7531
"AMNH-FI-117145" 13 2.3114 0.3012 0.2656 0.2654 0.2552 0.2574 0.2466 0.2159 0.2304 0.1921 0.1842 0.1541 0.1514 0.1177 0.4524
"AMNH-FI-117151" 13 3.8865 0.5076 0.3953 0.4244 0.4177 0.4585 0.4458 0.4113 0.3913 0.4022 0.3401 0.3396 0.2886 0.2479 1.1667
"AMNH-FI-117152" 13 5.0611 0.5797 0.5521 0.6088 0.5558 0.5579 0.5606 0.5571 0.515 0.5066 0.4411 0.4408 0.3751 0.3706 1.517
"AMNH-FI-117154" 13 3.798 0.3705 0.427 0.4128 0.4455 0.4409 0.4343 0.4095 0.397 0.3832 0.3528 0.3359 0.2957 0.2814 1.3229
"AMNH-FI-117163" 13 2.6867 0.311 0.3104 0.3004 0.3108 0.3112 0.2988 0.2926 0.2812 0.2524 0.2393 0.2059 0.1999 0.1752 0.703
"AMNH-FI-117170" 13 7.3161 0.9166 0.8002 0.8685 0.8415 0.8459 0.8345 0.826 0.8073 0.7749 0.7292 0.6856 0.6173 0.6066 2.8092
"AMNH-FI-117174" 13 4.4462 0.505 0.4915 0.4748 0.5211 0.4677 0.4459 0.5038 0.4486 0.4282 0.4207 0.3631 0.3598 0.3266 1.6097
"AMNH-FI-117175" 13 2.526 0.307 0.2739 0.287 0.2785 0.2784 0.2756 0.2613 0.2411 0.2444 0.195 0.1993 0.1592 0.1561 0.51
"AMNH-FI-117176" 13 3.7099 0.435 0.4048 0.4278 0.4315 0.4227 0.408 0.4149 0.411 0.3596 0.3549 0.3224 0.2834 0.2425 1.0995
"AMNH-FI-117177" 13 3.937 0.4486 0.4174 0.4223 0.4274 0.4133 0.4114 0.4085 0.4009 0.3526 0.3485 0.3113 0.2821 0.2575 1.0807
"AMNH-FI-117183" 13 8.4827 0.9083 1.0204 0.9794 0.9945 0.9756 0.9665 0.9496 0.9318 0.8654 0.8413 0.8164 0.716 0.7283 2.9455
"AMNH-FI-117193" 13 8.3829 0.9614 0.9124 0.9872 1.0124 0.9976 0.9881 0.9963 0.9499 0.923 0.8543 0.7842 0.7478 0.7018 3.2959
"AMNH-FI-117253" 13 12.7558 1.555 1.5131 1.5615 1.552 1.549 1.551 1.5736 1.447 1.3022 1.2967 1.2539 1.2305 1.2221 5.7047
"AMNH-FI-117257" 13 4.9164 0.5445 0.5318 0.5834 0.591 0.5521 0.5689 0.5386 0.5538 0.509 0.4956 0.4815 0.3976 0.3897 1.9679
"AMNH-FI-115663" 12 2.2013 0.2358 0.2674 0.2314 0.2604 0.2595 0.2254 0.2538 0.2401 0.2091 0.185 0.1668 0.1544 NA 0.6293
"AMNH-FI-116768" 12 2.053 0.2364 0.2685 0.2305 0.2547 0.2288 0.2289 0.2049 0.1957 0.1753 0.1559 0.1444 0.1245 NA 0.4242
"AMNH-FI-116735" 12 2.0883 0.2488 0.2469 0.2448 0.2358 0.2555 0.2241 0.2117 0.2087 0.1904 0.1758 0.1481 0.1198 NA 0.4523
"AMNH-FI-117169" 12 1.9782 0.229 0.1662 0.2338 0.2593 0.2467 0.234 0.2111 0.2048 0.1751 0.1667 0.1436 0.1125 NA 0.4722
"AMNH-FI-117178" 12 2.114 0.2331 0.2279 0.2482 0.2378 0.2358 0.2279 0.2119 0.2002 0.1894 0.1542 0.1496 0.1373 NA 0.4138
"AMNH-FI-117196" 12 2.0151 0.2495 0.2385 0.2301 0.2324 0.2315 0.2176 0.2016 0.2015 0.175 0.1633 0.1326 0.1269 NA 0.4568
"AMNH-FI-115599" 11 2.0012 0.2318 0.227 0.2311 0.2332 0.2272 0.2205 0.2046 0.1746 0.1886 0.16 0.1371 NA NA 0.5335
"AMNH-FI-115602" 11 2.003 0.2388 0.2188 0.2437 0.2243 0.23 0.2308 0.2007 0.1888 0.194 0.1209 0.1483 NA NA 0.459
"AMNH-FI-115611" 11 2.0411 0.2563 0.2231 0.2417 0.2264 0.2197 0.2222 0.2056 0.1911 0.1828 0.1615 0.1389 NA NA 0.4261
"AMNH-FI-115638" 11 2.1775 0.238 0.2739 0.266 0.2485 0.2569 0.2327 0.1996 0.2061 0.1913 0.1607 0.1357 NA NA 0.5753
"AMNH-FI-115731" 11 2.134 0.2332 0.235 0.2328 0.2303 0.2538 0.2284 0.2092 0.1865 0.1862 0.1652 0.1557 NA NA 0.5185
"AMNH-FI-115762" 11 1.8499 0.2273 0.2109 0.2134 0.2446 0.2099 0.207 0.1983 0.1688 0.1681 0.1497 0.1282 NA NA 0.3803
"AMNH-FI-115559" 10 1.703 0.2068 0.2026 0.2246 0.2083 0.2044 0.1927 0.1786 0.1518 0.1402 0.1216 NA NA NA 0.4746
"AMNH-FI-115627" 10 1.7558 0.1805 0.2655 0.2012 0.2202 0.2189 0.2014 0.165 0.1725 0.1472 0.167 NA NA NA 0.5445
"AMNH-FI-115751" 10 1.715 0.1796 0.2151 0.1897 0.2184 0.1901 0.1913 0.1847 0.1628 0.1434 0.1213 NA NA NA 0.468
"AMNH-FI-117179" 10 1.8451 0.2109 0.2056 0.2127 0.2037 0.2028 0.1989 0.1876 0.17 0.1408 0.1564 NA NA NA 0.5134
"AMNH-FI-115618" 9 1.6357 0.2034 0.1875 0.1814 0.1825 0.1824 0.1771 0.158 0.1631 0.1311 NA NA NA NA 0.3936
"AMNH-FI-116834" 9 1.5279 0.1653 0.1806 0.1784 0.1679 0.1766 0.1548 0.1571 0.1362 0.1275 NA NA NA NA 0.4169
"AMNH-FI-115719" 10 1.775 0.2334 0.2005 0.2206 0.2045 0.1928 0.1951 0.1778 0.1667 0.1451 0.1215 NA NA NA 0.4376
"AMNH-FI-117184" 9 1.6773 0.1771 0.1936 0.1973 0.1944 0.1928 0.1763 0.17 0.1587 0.1313 NA NA NA NA 0.5511
"AMNH-FI-117210" 9 1.6094 0.1913 0.1819 0.2057 0.1819 0.1917 0.1687 0.1585 0.1552 0.1328 NA NA NA NA 0.5013
"AMNH-FI-115616" 8 1.3006 0.1843 0.1773 0.1661 0.1692 0.151 0.1521 0.1352 0.1177 NA NA NA NA NA 0.4652
"AMNH-FI-115556" 7 1.258 0.0866 0.1539 0.1566 0.1526 0.1458 0.138 0.1232 NA NA NA NA NA NA 0.466
"AMNH-FI-115557" 7 1.1969 0.1605 0.1595 0.1494 0.1466 0.1534 0.1281 0.1227 NA NA NA NA NA NA 0.4772
"AMNH-FI-115649" 8 1.3742 0.1717 0.1742 0.1693 0.171 0.1651 0.1401 0.1452 0.1286 NA NA NA NA NA 0.4421
"AMNH-FI-115682" 8 1.342 0.1764 0.1699 0.169 0.1522 0.1487 0.1457 0.1415 0.1105 NA NA NA NA NA 0.4315
"AMNH-FI-115709" 8 1.4228 0.1704 0.1681 0.1796 0.1812 0.1555 0.1584 0.1431 0.1228 NA NA NA NA NA 0.4847
"AMNH-FI-115728" 8 1.427 0.1716 0.1701 0.163 0.1716 0.1643 0.1524 0.1378 0.1397 NA NA NA NA NA 0.4956
"AMNH-FI-116742" 8 1.3414 0.1577 0.1607 0.1591 0.1675 0.1613 0.142 0.145 0.1151 NA NA NA NA NA 0.5025
"AMNH-FI-115667" 7 1.2072 0.157 0.1404 0.1526 0.1612 0.0991 0.1124 0.1263 NA NA NA NA NA NA 0.4525
"AMNH-FI-116764" 6 1.0911 0.1534 0.1442 0.1489 0.139 0.1265 0.1231 NA NA NA NA NA NA NA 0.458
"AMNH-FI-116766" 7 1.1791 0.1568 0.1461 0.1584 0.1471 0.1406 0.1302 0.1183 NA NA NA NA NA NA 0.4481
"AMNH-FI-116841" 7 1.2303 0.158 0.1537 0.162 0.1591 0.1292 0.1438 0.1091 NA NA NA NA NA NA 0.4559
"AMNH-FI-116846" 7 1.3345 0.1448 0.1697 0.1805 0.1534 0.1472 0.1459 0.1294 NA NA NA NA NA NA 0.5783
"AMNH-FI-117180" 7 1.1137 0.1639 0.1578 0.1408 0.1576 0.1417 0.1299 0.1356 NA NA NA NA NA NA 0.4871
"AMNH-FI-115593" 6 1.031 0.1454 0.1496 0.1455 0.1405 0.1314 0.1141 NA NA NA NA NA NA NA 0.4521
"AMNH-FI-115659" 6 1.1421 0.1252 0.1394 0.1293 0.1365 0.1338 0.1151 NA NA NA NA NA NA NA 0.4463
"AMNH-FI-115738" 6 1.0911 0.1443 0.1417 0.1459 0.1307 0.1188 0.1212 NA NA NA NA NA NA NA 0.414
"AMNH-FI-115744" 6 1.051 0.1244 0.1548 0.138 0.1259 0.1275 0.1111 NA NA NA NA NA NA NA 0.4572
"AMNH-FI-117146" 6 1.148 0.1447 0.1353 0.1413 0.1383 0.1341 0.1244 NA NA NA NA NA NA NA 0.4658
"AMNH-FI-117215" 6 1.1915 0.1329 0.1571 0.138 0.143 0.1346 0.1202 NA NA NA NA NA NA NA 0.5311
"AMNH-FI-117220" 6 1.1363 0.1454 0.1378 0.142 0.1447 0.1348 0.1057 NA NA NA NA NA NA NA 0.4833
"AMNH-FI-117244" 6 1.0674 0.1503 0.1575 0.1609 0.1385 0.1459 0.1305 NA NA NA NA NA NA NA 0.598
"AMNH-FI-115560" 5 1.0841 0.1426 0.1403 0.1385 0.1399 0.1259 NA NA NA NA NA NA NA NA 0.465
"AMNH-FI-115725" 5 0.9912 0.1425 0.1388 0.1308 0.1282 0.1101 NA NA NA NA NA NA NA NA 0.4341
"AMNH-FI-116750" 5 1.0731 0.1343 0.145 0.1437 0.1344 0.1244 NA NA NA NA NA NA NA NA 0.5038
"AMNH-FI-116847" 5 0.9767 0.1277 0.1401 0.1404 0.1211 0.1156 NA NA NA NA NA NA NA NA 0.4361
"AMNH-FI-116848" 5 0.9887 0.1332 0.163 0.1419 0.1239 0.1181 NA NA NA NA NA NA NA NA 0.4262
"AMNH-FI-116849" 5 1.052 0.1202 0.1326 0.1344 0.1382 0.1176 NA NA NA NA NA NA NA NA 0.4662
"AMNH-FI-117147" 5 0.8533 0.1339 0.1256 0.1197 0.1099 0.1118 NA NA NA NA NA NA NA NA 0.4223
"AMNH-FI-115660" 4 0.9091 0.114 0.1206 0.1285 0.1238 NA NA NA NA NA NA NA NA NA 0.507
"AMNH-FI-116743" 4 0.8395 0.099 0.0993 0.1099 0.0968 NA NA NA NA NA NA NA NA NA 0.4201
"AMNH-FI-116749" 4 0.8816 0.1105 0.1245 0.1152 0.113 NA NA NA NA NA NA NA NA NA 0.489
"AMNH-FI-116796" 4 0.7703 0.1114 0.1181 0.113 0.106 NA NA NA NA NA NA NA NA NA 0.41
"AMNH-FI-117185" 4 0.6672 0.1001 0.0962 0.0992 0.0936 NA NA NA NA NA NA NA NA NA 0.3517
"AMNH-FI-117214" 5 0.9594 0.1333 0.1321 0.1116 0.1153 0.1125 NA NA NA NA NA NA NA NA 0.4195
"AMNH-FI-117273" 4 0.915 0.1231 0.1363 0.1179 0.1119 NA NA NA NA NA NA NA NA NA 0.459
"AMNH-FI-115550" 13 2.763 0.278 0.295 0.311 0.302 0.286 0.26 0.261 0.243 0.202 0.193 0.193 0.153 0.122 0.571
"AMNH-FI-115562" 6 1.233 0.16 0.157 0.119 0.137 0.13 0.105 NA NA NA NA NA NA NA 0.448
"AMNH-FI-115572" 6 1.068 0.142 0.138 0.125 0.133 0.124 0.114 NA NA NA NA NA NA NA 0.458
"AMNH-FI-115600" 6 1.171 0.136 0.128 0.132 0.135 0.125 0.124 NA NA NA NA NA NA NA 0.54
"AMNH-FI-115641" 8 1.347 0.132 0.122 0.13 0.163 0.138 0.154 0.134 0.106 NA NA NA NA NA 0.488
"AMNH-FI-115645" 5 0.946 0.119 0.094 0.091 0.085 0.123 NA NA NA NA NA NA NA NA 0.436
"AMNH-FI-115680" 7 1.218 0.119 0.148 0.16 0.16 0.136 0.156 0.135 NA NA NA NA NA NA 0.513
"AMNH-FI-115727" 10 1.757 0.136 0.155 0.212 0.223 0.205 0.197 0.187 0.157 0.144 0.127 NA NA NA 0.587
"AMNH-FI-115756" 7 1.328 0.142 0.142 0.142 0.151 0.129 0.125 0.121 NA NA NA NA NA NA 0.502
"AMNH-FI-116744" 11 1.718 0.194 0.182 0.211 0.212 0.199 0.158 0.175 0.181 0.171 0.155 0.13 NA NA 0.484
"AMNH-FI-116767" 11 2.143 0.247 0.244 0.227 0.249 0.21 0.219 0.218 0.171 0.181 0.161 0.119 NA NA 0.488
"AMNH-FI-116802" 11 2.034 0.241 0.205 0.246 0.194 0.18 0.193 0.185 0.194 0.162 0.142 0.129 NA NA 0.501
"AMNH-FI-116845" 7 1.395 0.188 0.15 0.156 0.151 0.131 0.139 0.107 NA NA NA NA NA NA 0.435
"AMNH-FI-117158" 6 1.099 0.155 0.138 0.138 0.144 0.121 0.124 NA NA NA NA NA NA NA 0.493
"AMNH-FI-117173" 7 1.227 0.147 0.155 0.137 0.152 0.137 0.124 0.109 NA NA NA NA NA NA 0.449
"AMNH-FI-117213" 5 1.093 0.123 0.145 0.151 0.135 0.129 NA NA NA NA NA NA NA NA 0.5
"AMNH-FI-117219" 7 1.237 0.132 0.153 0.145 0.139 0.148 0.139 0.114 NA NA NA NA NA NA 0.465
"AMNH-FI-117235" 12 2.149 0.235 0.256 0.243 0.257 0.23 0.207 0.2 0.208 0.182 0.158 0.144 0.113 NA 0.486
"AMNH-FI-115571" 13 2.416 0.266 0.272 0.223 0.241 0.254 0.245 0.233 0.215 0.193 0.174 0.147 0.121 0.143 0.431
"AMNH-FI-115586" 13 5.393 0.504 0.593 0.525 0.526 0.514 0.596 0.497 0.501 0.528 0.483 0.472 0.397 0.355 1.674
"AMNH-FI-115588" 13 5.987 0.664 0.671 0.648 0.673 0.634 0.652 0.652 0.616 0.588 0.576 0.464 0.472 0.424 1.877
"AMNH-FI-115603" 13 2.878 0.282 0.294 0.299 0.312 0.287 0.311 0.266 0.287 0.265 0.236 0.207 0.169 0.126 0.617
"AMNH-FI-115613" 13 2.967 0.296 0.318 0.329 0.329 0.319 0.307 0.263 0.226 0.186 0.209 0.198 0.164 0.142 0.71
"AMNH-FI-115617" 13 3.955 0.479 0.403 0.416 0.403 0.417 0.404 0.392 0.38 0.367 0.342 0.303 0.291 0.266 1.197
"AMNH-FI-115619" 13 5.865 0.493 0.648 0.58 0.646 0.629 0.544 0.596 0.629 0.561 0.562 0.498 0.442 0.442 2.199
"AMNH-FI-115620" 13 4.91 0.518 0.518 0.606 0.594 0.48 0.544 0.506 0.479 0.479 0.468 0.42 0.418 0.303 1.689
"AMNH-FI-115622" 13 6.598 0.627 0.764 0.607 0.661 0.747 0.697 0.731 0.731 0.73 0.663 0.678 0.489 0.539 2.88
"AMNH-FI-115623" 13 6.508 0.67 0.694 0.759 0.74 0.76 0.746 0.667 0.682 0.694 0.656 0.629 0.627 0.485 2.846
"AMNH-FI-115629" 13 3.47 0.345 0.334 0.267 0.381 0.367 0.345 0.334 0.335 0.256 0.289 0.235 0.224 0.201 0.803
"AMNH-FI-115677" 13 3.276 0.352 0.352 0.314 0.395 0.428 0.379 0.379 0.382 0.345 0.304 0.303 0.264 0.254 1.157
"AMNH-FI-115686" 13 3.368 0.321 0.362 0.366 0.35 0.352 0.374 0.315 0.294 0.312 0.267 0.267 0.241 0.232 1.025
"AMNH-FI-115734" 13 6.252 0.657 0.635 0.601 0.652 0.692 0.669 0.616 0.635 0.598 0.581 0.547 0.528 0.458 2.38
"AMNH-FI-115576" 13 2.881 0.265 0.274 0.316 0.29 0.282 0.299 0.252 0.266 0.265 0.208 0.191 0.191 0.17 0.73
"AMNH-FI-115705" 13 5.304 0.543 0.532 0.6 0.586 0.573 0.598 0.56 0.582 0.508 0.49 0.335 0.359 0.325 1.836
"AMNH-FI-115670" 13 6.451 0.589 0.689 0.707 0.688 0.741 0.707 0.81 0.715 0.654 0.621 0.572 0.536 0.501 2.546
"AMNH-FI-115710" 13 3.631 0.377 0.383 0.383 0.416 0.433 0.414 0.37 0.329 0.322 0.302 0.292 0.247 0.256 1.093
"AMNH-FI-115721" 13 7.28 0.732 0.72 0.812 0.815 0.83 0.801 0.867 0.814 0.832 0.745 0.594 0.615 0.602 2.894
"AMNH-FI-115769" 13 4.947 0.5 0.524 0.562 0.527 0.518 0.527 0.495 0.452 0.487 0.435 0.388 0.369 0.378 1.715
"AMNH-FI-115772" 13 6.888 0.799 0.739 0.75 0.847 0.812 0.763 0.734 0.703 0.699 0.644 0.628 0.553 0.502 2.607
"AMNH-FI-115777" 13 11.518 1.166 1.388 1.231 1.298 1.338 1.333 1.419 1.413 1.299 1.359 1.111 1.166 1.09 5.37
"AMNH-FI-115778" 13 10.213 1.091 1.101 1.147 1.131 1.148 1.147 1.134 1.115 1.066 1.001 0.968 0.918 0.803 4.652
"AMNH-FI-116758" 13 6.489 0.684 0.751 0.724 0.762 0.732 0.788 0.737 0.722 0.643 0.668 0.596 0.575 0.519 2.531
"AMNH-FI-116762" 13 9.464 0.959 1.034 1.11 1.185 1.211 0.983 1.112 1.06 1.109 0.958 1.034 0.908 0.807 4.134
"AMNH-FI-116776" 13 3.47 0.359 0.338 0.356 0.351 0.382 0.388 0.355 0.333 0.321 0.309 0.263 0.242 0.233 0.895
"AMNH-FI-116793" 13 3.845 0.379 0.411 0.394 0.369 0.423 0.393 0.416 0.385 0.367 0.314 0.323 0.301 0.245 1.384
"AMNH-FI-116800" 13 7.367 0.807 0.707 0.672 0.827 0.885 0.839 0.811 0.899 0.792 0.684 0.597 0.564 0.492 3.055
"AMNH-FI-116803" 13 3.102 0.293 0.334 0.314 0.325 0.338 0.318 0.305 0.289 0.274 0.263 0.235 0.217 0.22 0.864
"AMNH-FI-117171" 13 4.422 0.426 0.488 0.476 0.538 0.488 0.501 0.463 0.451 0.451 0.376 0.363 0.388 0.313 1.49
"AMNH-FI-117182" 13 5.972 0.66 0.62 0.673 0.621 0.689 0.675 0.661 0.674 0.633 0.568 0.555 0.448 0.489 2.577
"AMNH-FI-117195" 13 5.074 0.561 0.577 0.569 0.594 0.561 0.564 0.582 0.556 0.491 0.447 0.426 0.385 0.392 1.663
"AMNH-FI-117200" 13 3.158 0.326 0.286 0.32 0.338 0.344 0.354 0.317 0.298 0.307 0.254 0.221 0.239 0.197 0.981
"AMNH-FI-117228" 13 3.871 0.462 0.454 0.461 0.482 0.46 0.422 0.417 0.406 0.374 0.341 0.317 0.279 0.245 1.225
"AMNH-FI-117239" 13 5.677 0.578 0.626 0.636 0.667 0.617 0.576 0.555 0.586 0.525 0.535 0.475 0.456 0.466 2.154
"AMNH-FI-115776" 13 4.855 0.437 0.476 0.504 0.495 0.521 0.498 0.46 0.477 0.481 0.43 0.374 0.336 0.284 1.563
"AMNH-FI-117166" 12 2.124 0.237 0.23 0.247 0.208 0.236 0.207 0.2 0.199 0.188 0.15 0.139 0.13 NA 0.466
"AMNH-FI-117156" 8 1.287 0.181 0.19 0.188 0.173 0.156 0.159 0.138 0.123 NA NA NA NA NA 0.485
"AMNH-FI-115707" 13 4.749 0.514 0.527 0.527 0.527 0.565 0.516 0.514 0.439 0.476 0.514 0.391 0.326 0.315 1.543
"AMNH-FI-115606" 13 4.824 0.523 0.536 0.521 0.534 0.479 0.534 0.493 0.466 0.466 0.438 0.356 0.358 0.304 1.604
