morphotype	CEL	TSL1	TSL2	TSL3	TSL4	TSL5	TSL6	TSL7	TSL8	TSL9	TSL10	TSL11	TSL12	TSL13	TSL14	TSL15	TSL16	TSL17	TSL18	TSL19	TSL20	TSL21	TSL22	PYL
4	0.9272	0.1047	0.1038	0.102	0.0994	NA	NA	NA	NA	NA	NA	NA	NA	NA	NA	NA	NA	NA	NA	NA	NA	NA	NA	0.4082
5	1.0395	0.0996	0.1173	0.1237	0.1237	0.0996	NA	NA	NA	NA	NA	NA	NA	NA	NA	NA	NA	NA	NA	NA	NA	NA	NA	0.498
5	0.9883	0.1306	0.1054	0.0944	0.1125	0.1155	NA	NA	NA	NA	NA	NA	NA	NA	NA	NA	NA	NA	NA	NA	NA	NA	NA	0.472
6	1.1011	0.1135	0.1406	0.1406	0.1372	0.122	0.1254	NA	NA	NA	NA	NA	NA	NA	NA	NA	NA	NA	NA	NA	NA	NA	NA	0.5743
6	1.2025	0.1362	0.1431	0.1553	0.1641	0.1483	0.1361	NA	NA	NA	NA	NA	NA	NA	NA	NA	NA	NA	NA	NA	NA	NA	NA	0.6301
6	1.1473	0.1243	0.1242	0.1261	0.1169	0.1242	0.1133	NA	NA	NA	NA	NA	NA	NA	NA	NA	NA	NA	NA	NA	NA	NA	NA	0.5115
6	1.2107	0.1272	0.137	0.1286	0.123	0.1342	0.1174	NA	NA	NA	NA	NA	NA	NA	NA	NA	NA	NA	NA	NA	NA	NA	NA	0.632
7	1.1814	0.1271	0.1467	0.1466	0.148	0.1452	0.1271	0.1243	NA	NA	NA	NA	NA	NA	NA	NA	NA	NA	NA	NA	NA	NA	NA	0.6758
8	1.335	0.1411	0.1653	0.1468	0.1503	0.1542	0.1522	0.1374	0.1225	NA	NA	NA	NA	NA	NA	NA	NA	NA	NA	NA	NA	NA	NA	0.6126
8	1.4892	0.1403	0.1522	0.1597	0.1612	0.1552	0.1567	0.1567	0.1478	NA	NA	NA	NA	NA	NA	NA	NA	NA	NA	NA	NA	NA	NA	0.5685
8	1.3569	0.1591	0.1286	0.1367	0.1463	0.1399	0.1351	0.1431	0.1061	NA	NA	NA	NA	NA	NA	NA	NA	NA	NA	NA	NA	NA	NA	0.6174
9	1.473	0.1247	0.1437	0.1552	0.1693	0.1412	0.1506	0.1529	0.1271	0.1176	NA	NA	NA	NA	NA	NA	NA	NA	NA	NA	NA	NA	NA	0.4941
9	1.4796	0.1379	0.146	0.1622	0.1622	0.152	0.1479	0.1338	0.1175	0.1176	NA	NA	NA	NA	NA	NA	NA	NA	NA	NA	NA	NA	NA	0.5918
9	1.3243	0.1308	0.1444	0.1399	0.1421	0.1489	0.1354	0.1354	0.1173	0.1038	NA	NA	NA	NA	NA	NA	NA	NA	NA	NA	NA	NA	NA	0.4986
9	1.4826	0.1296	0.1432	0.1478	0.1592	0.1501	0.1637	0.1501	0.1364	0.1455	NA	NA	NA	NA	NA	NA	NA	NA	NA	NA	NA	NA	NA	0.6298
9	1.3517	0.1301	0.1407	0.151	0.1575	0.1637	0.1469	0.1385	0.1448	0.1175	NA	NA	NA	NA	NA	NA	NA	NA	NA	NA	NA	NA	NA	0.5416
9	1.3836	0.1317	0.145	0.1489	0.1565	0.1469	0.147	0.1336	0.1355	0.1164	NA	NA	NA	NA	NA	NA	NA	NA	NA	NA	NA	NA	NA	0.5592
9	1.5679	0.1775	0.1647	0.1775	0.1757	0.1683	0.1666	0.1701	0.1412	0.1286	NA	NA	NA	NA	NA	NA	NA	NA	NA	NA	NA	NA	NA	0.681
9	1.2939	0.1255	0.172	0.1472	0.1581	0.1596	0.1487	0.1302	0.1286	0.107	NA	NA	NA	NA	NA	NA	NA	NA	NA	NA	NA	NA	NA	0.4788
10	1.5969	0.148	0.1535	0.1759	0.1703	0.1535	0.1452	0.1731	0.1452	0.1284	0.1005	NA	NA	NA	NA	NA	NA	NA	NA	NA	NA	NA	NA	0.5165
10	1.5647	0.1488	0.143	0.163	0.1745	0.1659	0.1545	0.1488	0.163	0.1259	0.1287	NA	NA	NA	NA	NA	NA	NA	NA	NA	NA	NA	NA	0.5636
10	1.4262	0.1201	0.1546	0.1684	0.1523	0.1638	0.1593	0.1568	0.1546	0.1362	0.0899	NA	NA	NA	NA	NA	NA	NA	NA	NA	NA	NA	NA	0.517
10	1.3766	0.1259	0.1095	0.1477	0.1424	0.1368	0.1342	0.1368	0.1122	0.1122	0.1013	NA	NA	NA	NA	NA	NA	NA	NA	NA	NA	NA	NA	0.3803
10	1.6352	0.1538	0.1484	0.1646	0.1565	0.1727	0.143	0.1322	0.1592	0.1376	0.0944	NA	NA	NA	NA	NA	NA	NA	NA	NA	NA	NA	NA	0.5046
10	1.5156	0.135	0.1351	0.1601	0.1701	0.155	0.1552	0.155	0.1401	0.115	0.115	NA	NA	NA	NA	NA	NA	NA	NA	NA	NA	NA	NA	0.5002
10	1.4058	0.138	0.1508	0.1444	0.1592	0.1529	0.138	0.1444	0.1189	0.1104	0.1062	NA	NA	NA	NA	NA	NA	NA	NA	NA	NA	NA	NA	0.4247
10	1.5763	0.127	0.1439	0.1576	0.1631	0.1661	0.1631	0.1549	0.1464	0.1299	0.094	NA	NA	NA	NA	NA	NA	NA	NA	NA	NA	NA	NA	0.6058
10	1.4979	0.1623	0.1649	0.1783	0.1649	0.1544	0.1598	0.1597	0.1623	0.1414	0.1258	NA	NA	NA	NA	NA	NA	NA	NA	NA	NA	NA	NA	0.61
10	1.4173	0.1614	0.1538	0.1492	0.1477	0.1492	0.1477	0.1446	0.1522	0.1431	0.1126	NA	NA	NA	NA	NA	NA	NA	NA	NA	NA	NA	NA	0.5526
10	1.6631	0.1339	0.164	0.1698	0.162	0.1579	0.1719	0.1739	0.1619	0.1319	0.1359	NA	NA	NA	NA	NA	NA	NA	NA	NA	NA	NA	NA	0.6337
10	1.4811	0.136	0.1507	0.1691	0.1654	0.147	0.1562	0.1415	0.1342	0.1213	0.1066	NA	NA	NA	NA	NA	NA	NA	NA	NA	NA	NA	NA	0.4796
11	1.7513	0.1549	0.1662	0.1841	0.1729	0.1796	0.1662	0.1774	0.1684	0.1527	0.1527	0.1235	NA	NA	NA	NA	NA	NA	NA	NA	NA	NA	NA	0.5524
11	1.6158	0.1246	0.138	0.1615	0.1817	0.1515	0.1852	0.1515	0.1549	0.138	0.1212	0.1212	NA	NA	NA	NA	NA	NA	NA	NA	NA	NA	NA	0.5285
11	1.6491	0.1321	0.1708	0.1597	0.1789	0.1652	0.1734	0.1652	0.1597	0.1542	0.1404	0.1322	NA	NA	NA	NA	NA	NA	NA	NA	NA	NA	NA	0.5478
11	1.4347	0.1482	0.1555	0.158	0.1605	0.1679	0.1531	0.158	0.163	0.1457	0.1285	0.1185	NA	NA	NA	NA	NA	NA	NA	NA	NA	NA	NA	0.5556
11	1.7521	0.1761	0.1633	0.1893	0.1858	0.1828	0.1795	0.1663	0.1566	0.1533	0.1403	0.1174	NA	NA	NA	NA	NA	NA	NA	NA	NA	NA	NA	0.5189
11	1.4176	0.1293	0.1434	0.1434	0.1575	0.1622	0.1481	0.1505	0.134	0.1175	0.1105	0.0987	NA	NA	NA	NA	NA	NA	NA	NA	NA	NA	NA	0.409
11	1.5459	0.1238	0.1511	0.1685	0.1685	0.1759	0.1808	0.1536	0.1412	0.1413	0.1239	0.1313	NA	NA	NA	NA	NA	NA	NA	NA	NA	NA	NA	0.4707
11	1.689	0.1737	0.1736	0.1737	0.1787	0.1762	0.1712	0.1636	0.1585	0.1384	0.141	0.1234	NA	NA	NA	NA	NA	NA	NA	NA	NA	NA	NA	0.5436
11	1.6642	0.165	0.165	0.1678	0.1706	0.1678	0.165	0.165	0.1595	0.1376	0.1376	0.1127	NA	NA	NA	NA	NA	NA	NA	NA	NA	NA	NA	0.4511
11	1.594	0.119	0.1427	0.1481	0.1612	0.1613	0.1427	0.1507	0.1428	0.1454	0.111	0.111	NA	NA	NA	NA	NA	NA	NA	NA	NA	NA	NA	0.497
11	1.6596	0.1495	0.1546	0.1698	0.1875	0.1824	0.1774	0.1799	0.1571	0.1546	0.1368	0.1191	NA	NA	NA	NA	NA	NA	NA	NA	NA	NA	NA	0.5042
11	1.7411	0.1526	0.1499	0.1789	0.1578	0.1815	0.1631	0.1578	0.1525	0.1552	0.1341	0.1105	NA	NA	NA	NA	NA	NA	NA	NA	NA	NA	NA	0.5102
11	1.8862	0.1903	0.1806	0.1976	0.1951	0.2	0.1903	0.2	0.1806	0.1783	0.1614	0.1397	NA	NA	NA	NA	NA	NA	NA	NA	NA	NA	NA	0.7541
11	1.6935	0.1364	0.1451	0.1497	0.1627	0.1431	0.1561	0.1628	0.1583	0.1232	0.1298	0.0879	NA	NA	NA	NA	NA	NA	NA	NA	NA	NA	NA	0.5696
11	1.6754	0.1554	0.1639	0.1874	0.1809	0.1661	0.1596	0.1767	0.1682	0.1533	0.1448	0.1022	NA	NA	NA	NA	NA	NA	NA	NA	NA	NA	NA	0.5854
11	1.6691	0.1591	0.1803	0.1654	0.1803	0.1846	0.1739	0.1654	0.1654	0.1548	0.1336	0.1315	NA	NA	NA	NA	NA	NA	NA	NA	NA	NA	NA	0.526
12	1.5511	0.1538	0.1538	0.1632	0.1594	0.1594	0.1707	0.15	0.1557	0.1444	0.1144	0.1069	0.0919	NA	NA	NA	NA	NA	NA	NA	NA	NA	NA	0.3769
12	1.714	0.1408	0.1694	0.1854	0.1791	0.1759	0.1791	0.1886	0.1631	0.1503	0.1503	0.1407	0.1183	NA	NA	NA	NA	NA	NA	NA	NA	NA	NA	0.5564
12	1.8856	0.1481	0.179	0.1913	0.1697	0.2007	0.1697	0.1913	0.1666	0.1759	0.1388	0.1636	0.1296	NA	NA	NA	NA	NA	NA	NA	NA	NA	NA	0.5308
12	1.7655	0.1516	0.1706	0.1895	0.1923	0.1922	0.195	0.1923	0.1705	0.1652	0.1381	0.1544	0.1354	NA	NA	NA	NA	NA	NA	NA	NA	NA	NA	0.547
12	1.7516	0.1568	0.1621	0.173	0.1892	0.1784	0.1838	0.1892	0.1811	0.1568	0.1541	0.1324	0.1027	NA	NA	NA	NA	NA	NA	NA	NA	NA	NA	0.4785
12	1.8369	0.176	0.1786	0.1679	0.1733	0.184	0.1786	0.176	0.1759	0.1653	0.1387	0.1466	0.12	NA	NA	NA	NA	NA	NA	NA	NA	NA	NA	0.5599
12	1.7902	0.1675	0.173	0.1812	0.1922	0.1785	0.2059	0.1895	0.1647	0.162	0.1483	0.1455	0.1208	NA	NA	NA	NA	NA	NA	NA	NA	NA	NA	0.5739
12	1.8478	0.1483	0.1742	0.2031	0.1645	0.1774	0.1806	0.1709	0.1709	0.1483	0.1483	0.129	0.129	NA	NA	NA	NA	NA	NA	NA	NA	NA	NA	0.5224
12	1.8325	0.1304	0.169	0.1751	0.1957	0.2014	0.181	0.181	0.166	0.1542	0.1454	0.1363	0.1098	NA	NA	NA	NA	NA	NA	NA	NA	NA	NA	0.5275
12	1.7236	0.1567	0.1677	0.1649	0.1759	0.1649	0.165	0.1733	0.1677	0.1346	0.1457	0.1265	0.0988	NA	NA	NA	NA	NA	NA	NA	NA	NA	NA	0.5692
12	1.8637	0.1477	0.1705	0.1818	0.1761	0.179	0.2017	0.179	0.1534	0.1648	0.1563	0.1534	0.1165	NA	NA	NA	NA	NA	NA	NA	NA	NA	NA	0.5653
12	1.7014	0.1831	0.1566	0.1858	0.1857	0.1646	0.1646	0.1645	0.1698	0.1486	0.1539	0.1274	0.1168	NA	NA	NA	NA	NA	NA	NA	NA	NA	NA	0.576
12	1.8834	0.1552	0.1522	0.179	0.1911	0.1732	0.176	0.1909	0.1732	0.1433	0.1461	0.1195	0.1283	NA	NA	NA	NA	NA	NA	NA	NA	NA	NA	0.4864
12	1.6752	0.138	0.1427	0.1661	0.1662	0.1544	0.1778	0.1591	0.1638	0.1427	0.1451	0.131	0.1053	NA	NA	NA	NA	NA	NA	NA	NA	NA	NA	0.5568
12	1.915	0.154	0.2038	0.2086	0.2156	0.2062	0.1991	0.1919	0.1921	0.1754	0.154	0.1659	0.1279	NA	NA	NA	NA	NA	NA	NA	NA	NA	NA	0.5404
13	1.8663	0.1501	0.179	0.2	0.2028	0.1974	0.2026	0.1922	0.1869	0.1738	0.1632	0.1606	0.1421	0.1237	NA	NA	NA	NA	NA	NA	NA	NA	NA	0.6002
13	2.2212	0.1726	0.2026	0.2275	0.23	0.2273	0.2273	0.2247	0.2164	0.1917	0.1971	0.1753	0.1589	0.1451	NA	NA	NA	NA	NA	NA	NA	NA	NA	0.7068
13	1.8807	0.1676	0.1733	0.2022	0.2109	0.1964	0.2109	0.1936	0.1936	0.1762	0.1762	0.156	0.1473	0.1184	NA	NA	NA	NA	NA	NA	NA	NA	NA	0.6298
13	1.6877	0.149	0.1461	0.1633	0.1719	0.1691	0.1748	0.1748	0.169	0.1491	0.1519	0.1375	0.1204	0.1031	NA	NA	NA	NA	NA	NA	NA	NA	NA	0.4384
13	1.8718	0.1488	0.1768	0.1992	0.1964	0.202	0.1965	0.1908	0.188	0.174	0.1628	0.1488	0.1375	0.1179	NA	NA	NA	NA	NA	NA	NA	NA	NA	0.4378
13	2.1123	0.1797	0.1834	0.2164	0.2054	0.2054	0.1907	0.2017	0.1797	0.176	0.1504	0.143	0.1467	0.11	NA	NA	NA	NA	NA	NA	NA	NA	NA	0.4914
13	2.1535	0.1699	0.1867	0.2208	0.2106	0.2004	0.2106	0.1936	0.18	0.1902	0.1766	0.1495	0.1393	0.1359	NA	NA	NA	NA	NA	NA	NA	NA	NA	0.6317
13	2.0796	0.1636	0.1887	0.2045	0.217	0.195	0.2203	0.1856	0.2045	0.1699	0.1761	0.1699	0.1447	0.1258	NA	NA	NA	NA	NA	NA	NA	NA	NA	0.5537
13	1.9469	0.1536	0.1679	0.1936	0.1907	0.1964	0.1821	0.1822	0.1765	0.185	0.1594	0.1594	0.1167	0.1195	NA	NA	NA	NA	NA	NA	NA	NA	NA	0.5067
13	1.6344	0.1341	0.1567	0.1624	0.1773	0.1766	0.1626	0.1511	0.1397	0.1456	0.1284	0.1168	0.0883	0.0914	NA	NA	NA	NA	NA	NA	NA	NA	NA	0.3649
13	2.0122	0.1931	0.2096	0.2094	0.2027	0.1997	0.2192	0.1963	0.1963	0.1963	0.1766	0.1441	0.1309	0.1244	NA	NA	NA	NA	NA	NA	NA	NA	NA	0.5824
13	1.9774	0.1918	0.176	0.1886	0.1949	0.2043	0.1886	0.1855	0.1729	0.176	0.1666	0.1603	0.1446	0.1257	NA	NA	NA	NA	NA	NA	NA	NA	NA	0.481
13	1.9509	0.1474	0.1602	0.1922	0.1858	0.1954	0.205	0.205	0.1698	0.1826	0.1794	0.141	0.1538	0.1089	NA	NA	NA	NA	NA	NA	NA	NA	NA	0.5542
13	1.9476	0.1763	0.1961	0.1895	0.2071	0.2071	0.1961	0.1961	0.1851	0.1807	0.1674	0.1587	0.1631	0.1388	NA	NA	NA	NA	NA	NA	NA	NA	NA	0.542
13	2.274	0.1703	0.2217	0.2271	0.2461	0.2461	0.2352	0.2352	0.2271	0.219	0.2136	0.1892	0.1622	0.1406	NA	NA	NA	NA	NA	NA	NA	NA	NA	0.6246
13	2.2744	0.1877	0.1974	0.2311	0.2262	0.2214	0.2166	0.2238	0.2022	0.1974	0.1925	0.1805	0.1637	0.1516	NA	NA	NA	NA	NA	NA	NA	NA	NA	0.6619
13	1.7624	0.1602	0.1706	0.1769	0.179	0.1893	0.1893	0.1852	0.1748	0.1665	0.1686	0.1477	0.1311	0.1124	NA	NA	NA	NA	NA	NA	NA	NA	NA	0.5348
14	1.9487	0.1739	0.1816	0.2123	0.202	0.1995	0.1969	0.202	0.1969	0.1893	0.1816	0.1637	0.1637	0.1432	0.1074	NA	NA	NA	NA	NA	NA	NA	NA	0.6113
14	2.054	0.1582	0.1909	0.221	0.2128	0.2046	0.2127	0.221	0.221	0.18	0.1937	0.18	0.1664	0.1528	0.1227	NA	NA	NA	NA	NA	NA	NA	NA	0.5565
14	2.1914	0.1858	0.1937	0.2011	0.2092	0.2285	0.2206	0.1937	0.209	0.1858	0.1858	0.1742	0.1626	0.1395	0.1277	NA	NA	NA	NA	NA	NA	NA	NA	0.5266
14	2.2075	0.1937	0.1897	0.2179	0.2219	0.226	0.2058	0.1937	0.2139	0.1816	0.1897	0.1614	0.1614	0.1413	0.1211	NA	NA	NA	NA	NA	NA	NA	NA	0.5569
14	1.8224	0.1745	0.2004	0.2153	0.2079	0.2115	0.1893	0.2004	0.193	0.1633	0.1744	0.1559	0.1336	0.1262	0.1225	NA	NA	NA	NA	NA	NA	NA	NA	0.5048
14	2.1672	0.1764	0.1831	0.1959	0.1831	0.1864	0.1896	0.2059	0.1831	0.1864	0.1829	0.1601	0.1471	0.1538	0.1011	NA	NA	NA	NA	NA	NA	NA	NA	0.4415
14	2.2561	0.1562	0.1906	0.1867	0.2248	0.1982	0.2096	0.1982	0.2439	0.1906	0.1944	0.1639	0.1601	0.1372	0.1334	NA	NA	NA	NA	NA	NA	NA	NA	0.5678
14	2.284	0.181	0.1915	0.1845	0.2159	0.2089	0.2054	0.2228	0.1915	0.2019	0.1776	0.181	0.1567	0.1567	0.1218	NA	NA	NA	NA	NA	NA	NA	NA	0.5292
14	2.016	0.172	0.1787	0.1888	0.1955	0.1956	0.2023	0.1787	0.1787	0.1888	0.1719	0.1483	0.1281	0.1281	0.0978	NA	NA	NA	NA	NA	NA	NA	NA	0.4787
14	1.9349	0.1756	0.1662	0.1913	0.1976	0.1976	0.1976	0.1913	0.1662	0.1913	0.1756	0.1474	0.1474	0.1161	0.1097	NA	NA	NA	NA	NA	NA	NA	NA	0.4892
14	2.0153	0.1683	0.1895	0.2049	0.2017	0.2142	0.1987	0.1988	0.1775	0.1926	0.1805	0.1865	0.1407	0.1407	0.1254	NA	NA	NA	NA	NA	NA	NA	NA	0.5444
14	2.0378	0.1608	0.1948	0.2089	0.2089	0.2145	0.2173	0.189	0.1948	0.1862	0.1722	0.1694	0.1469	0.127	0.11	NA	NA	NA	NA	NA	NA	NA	NA	0.5307
14	1.9474	0.1475	0.1605	0.1891	0.1917	0.1889	0.2097	0.1942	0.1889	0.1813	0.1683	0.1734	0.145	0.1425	0.1165	NA	NA	NA	NA	NA	NA	NA	NA	0.5411
14	1.9259	0.1737	0.1865	0.2018	0.189	0.1967	0.1865	0.1839	0.2069	0.1916	0.1558	0.1609	0.1711	0.1303	0.1149	NA	NA	NA	NA	NA	NA	NA	NA	0.6105
14	2.1631	0.1986	0.2012	0.2381	0.2439	0.2495	0.241	0.2552	0.2296	0.2325	0.207	0.1956	0.1786	0.1672	0.1503	NA	NA	NA	NA	NA	NA	NA	NA	0.652
14	2.1621	0.1722	0.1905	0.225	0.225	0.2181	0.2387	0.2272	0.218	0.2158	0.2043	0.1905	0.163	0.1377	0.1446	NA	NA	NA	NA	NA	NA	NA	NA	0.6266
14	2.1035	0.1803	0.2027	0.2164	0.2304	0.2304	0.1943	0.1915	0.2138	0.1803	0.183	0.1749	0.1498	0.1471	0.1332	NA	NA	NA	NA	NA	NA	NA	NA	0.519
14	1.9223	0.155	0.1628	0.1869	0.1843	0.2029	0.1816	0.1815	0.1816	0.1683	0.1575	0.1495	0.1495	0.1201	0.0961	NA	NA	NA	NA	NA	NA	NA	NA	0.454
14	2.0582	0.142	0.1893	0.1998	0.1919	0.1998	0.205	0.1919	0.205	0.1787	0.1867	0.1682	0.1604	0.142	0.1236	NA	NA	NA	NA	NA	NA	NA	NA	0.5967
14	1.9609	0.1675	0.1503	0.1872	0.1921	0.1897	0.202	0.1799	0.1798	0.165	0.17	0.1478	0.1305	0.1158	0.1158	NA	NA	NA	NA	NA	NA	NA	NA	0.4311
14	1.9775	0.1486	0.1858	0.2097	0.2044	0.2017	0.1964	0.1991	0.1964	0.1672	0.1778	0.1566	0.146	0.1354	0.1115	NA	NA	NA	NA	NA	NA	NA	NA	0.4751
15	2.2892	0.175	0.167	0.2215	0.2138	0.2332	0.2215	0.2215	0.2177	0.2099	0.1982	0.1905	0.1633	0.1515	0.1709	0.1205	NA	NA	NA	NA	NA	NA	NA	0.517
15	2.3285	0.1683	0.1988	0.237	0.2179	0.2408	0.2333	0.2217	0.2179	0.1912	0.2027	0.1721	0.1796	0.1607	0.1454	0.1147	NA	NA	NA	NA	NA	NA	NA	0.5353
15	2.4869	0.2104	0.2142	0.2404	0.2329	0.2554	0.2404	0.2516	0.2367	0.2329	0.2217	0.2104	0.1915	0.1879	0.1579	0.1539	NA	NA	NA	NA	NA	NA	NA	0.6011
15	2.0259	0.1741	0.1937	0.2003	0.197	0.1937	0.2134	0.2265	0.1937	0.1739	0.1839	0.1806	0.1543	0.1445	0.1412	0.1084	NA	NA	NA	NA	NA	NA	NA	0.4794
15	2.1738	0.1954	0.2129	0.2198	0.2303	0.2094	0.2128	0.2269	0.2058	0.1919	0.2094	0.1884	0.1814	0.1536	0.143	0.1465	NA	NA	NA	NA	NA	NA	NA	0.5688
15	2.3543	0.187	0.1943	0.2421	0.2457	0.2421	0.2273	0.2273	0.22	0.2238	0.2127	0.198	0.1834	0.1614	0.1687	0.1357	NA	NA	NA	NA	NA	NA	NA	0.6307
15	2.7092	0.2013	0.2182	0.2432	0.2348	0.2559	0.2474	0.239	0.2391	0.2348	0.2055	0.1929	0.1803	0.1594	0.151	0.1594	NA	NA	NA	NA	NA	NA	NA	0.5662
15	2.6069	0.207	0.1867	0.2193	0.2355	0.2355	0.2518	0.2396	0.2234	0.2274	0.203	0.2477	0.199	0.1948	0.1462	0.1462	NA	NA	NA	NA	NA	NA	NA	0.7188
15	2.0972	0.1652	0.1651	0.1783	0.1982	0.1982	0.1883	0.2015	0.2015	0.185	0.1816	0.175	0.1618	0.1288	0.1321	0.1189	NA	NA	NA	NA	NA	NA	NA	0.4723
15	2.1751	0.1881	0.1987	0.2306	0.2236	0.2342	0.2271	0.2448	0.2058	0.2058	0.1881	0.1916	0.1774	0.1561	0.1313	0.1384	NA	NA	NA	NA	NA	NA	NA	0.5004
15	2.2092	0.1827	0.193	0.2035	0.2273	0.1964	0.1931	0.2136	0.1861	0.1826	0.1758	0.162	0.1517	0.1584	0.138	0.1067	NA	NA	NA	NA	NA	NA	NA	0.4896
15	2.0927	0.1702	0.1903	0.2135	0.1937	0.2202	0.1969	0.207	0.207	0.1869	0.1902	0.1769	0.1502	0.1436	0.1234	0.1202	NA	NA	NA	NA	NA	NA	NA	0.4137
15	1.9933	0.1652	0.1872	0.1873	0.1981	0.212	0.2065	0.19	0.1871	0.201	0.1734	0.1624	0.1789	0.1405	0.1211	0.1129	NA	NA	NA	NA	NA	NA	NA	0.534
15	2.1392	0.1783	0.2068	0.2115	0.2282	0.2353	0.221	0.2258	0.2139	0.2044	0.1997	0.1759	0.1735	0.1497	0.1521	0.1283	NA	NA	NA	NA	NA	NA	NA	0.4777
15	2.2374	0.1771	0.1857	0.2118	0.2234	0.2263	0.2147	0.2147	0.2205	0.2118	0.1944	0.177	0.1683	0.1423	0.1306	0.1277	NA	NA	NA	NA	NA	NA	NA	0.5312
15	2.3396	0.1901	0.1926	0.2308	0.247	0.2252	0.2443	0.2416	0.209	0.2225	0.1955	0.1872	0.1711	0.171	0.1303	0.1357	NA	NA	NA	NA	NA	NA	NA	0.5347
15	2.3096	0.1938	0.2075	0.2266	0.2375	0.2375	0.2402	0.2375	0.2512	0.2184	0.2075	0.202	0.1857	0.172	0.1556	0.1529	NA	NA	NA	NA	NA	NA	NA	0.576
15	2.3316	0.1667	0.1973	0.2057	0.2167	0.214	0.2168	0.2112	0.214	0.2112	0.1973	0.189	0.1806	0.1528	0.1279	0.1167	NA	NA	NA	NA	NA	NA	NA	0.5475
15	2.4359	0.1982	0.2223	0.2403	0.2433	0.2493	0.2403	0.2343	0.2373	0.2133	0.2163	0.2133	0.1832	0.1832	0.1532	0.1532	NA	NA	NA	NA	NA	NA	NA	0.6368
16	2.3275	0.1966	0.2038	0.2252	0.2181	0.2217	0.2181	0.2253	0.2109	0.2002	0.2145	0.1716	0.1788	0.1752	0.1502	0.143	0.1216	NA	NA	NA	NA	NA	NA	0.5292
16	2.2481	0.173	0.2039	0.2306	0.2483	0.2616	0.2483	0.266	0.2528	0.2439	0.2483	0.204	0.1996	0.1818	0.1818	0.1596	0.1508	NA	NA	NA	NA	NA	NA	0.5676
16	2.7491	0.2011	0.2431	0.2244	0.2525	0.2618	0.2665	0.2525	0.2384	0.2384	0.2244	0.2338	0.2151	0.187	0.1777	0.1543	0.1216	NA	NA	NA	NA	NA	NA	0.6732
16	2.4036	0.155	0.1904	0.2125	0.208	0.2611	0.2657	0.2566	0.2524	0.2611	0.2036	0.1904	0.1948	0.1593	0.1948	0.1771	0.1639	NA	NA	NA	NA	NA	NA	0.5577
16	2.6809	0.2204	0.2159	0.2249	0.2339	0.2519	0.2563	0.225	0.2384	0.2474	0.2294	0.2204	0.2069	0.171	0.1664	0.1574	0.1395	NA	NA	NA	NA	NA	NA	0.6387
16	2.5383	0.2073	0.2034	0.2151	0.2229	0.2385	0.2229	0.227	0.2151	0.2151	0.2034	0.1878	0.1798	0.1565	0.1564	0.1253	0.1251	NA	NA	NA	NA	NA	NA	0.5161
16	2.4495	0.1951	0.2159	0.2325	0.22	0.2117	0.2574	0.22	0.2366	0.2076	0.2117	0.1827	0.1993	0.1661	0.1619	0.1328	0.1121	NA	NA	NA	NA	NA	NA	0.4982
16	2.257	0.1809	0.1884	0.2223	0.2224	0.2449	0.211	0.2035	0.2186	0.1922	0.1997	0.1997	0.162	0.1658	0.1281	0.113	0.1131	NA	NA	NA	NA	NA	NA	0.4371
16	2.4142	0.2101	0.2177	0.2291	0.2522	0.2332	0.2406	0.2368	0.237	0.2253	0.2063	0.1987	0.187	0.1834	0.149	0.1451	0.1261	NA	NA	NA	NA	NA	NA	0.512
16	2.6241	0.2163	0.2324	0.2404	0.2404	0.2564	0.2524	0.2484	0.2564	0.2324	0.2404	0.2283	0.2083	0.1763	0.1723	0.1643	0.1442	NA	NA	NA	NA	NA	NA	0.5849
16	2.4119	0.2057	0.2094	0.2356	0.2431	0.2356	0.2393	0.2468	0.2281	0.2206	0.2356	0.1982	0.2132	0.187	0.1533	0.1458	0.1384	NA	NA	NA	NA	NA	NA	0.5646
16	2.3107	0.1799	0.1685	0.1971	0.2228	0.2228	0.2228	0.2199	0.2228	0.1857	0.1971	0.1971	0.1742	0.1914	0.16	0.1343	0.1285	NA	NA	NA	NA	NA	NA	0.6342
16	2.5414	0.1767	0.2248	0.2283	0.2442	0.228	0.241	0.241	0.2282	0.2152	0.2121	0.212	0.1671	0.1736	0.1573	0.1542	0.1125	NA	NA	NA	NA	NA	NA	0.5558
16	2.4368	0.1853	0.2039	0.2347	0.2285	0.2472	0.2316	0.2316	0.2379	0.2255	0.2131	0.2162	0.1791	0.1916	0.1606	0.1389	0.1452	NA	NA	NA	NA	NA	NA	0.6456
16	2.2664	0.1869	0.2018	0.2195	0.2225	0.2135	0.2224	0.2166	0.2166	0.2017	0.2017	0.1929	0.1721	0.1571	0.1306	0.1245	0.1187	NA	NA	NA	NA	NA	NA	0.448
17	3.1132	0.2414	0.2467	0.2568	0.2671	0.3031	0.2723	0.2774	0.2619	0.257	0.2671	0.2517	0.2209	0.2311	0.2004	0.185	0.1798	0.1182	NA	NA	NA	NA	NA	0.6165
17	2.6943	0.2128	0.2251	0.2544	0.2544	0.2335	0.2586	0.2336	0.2336	0.2376	0.2086	0.2335	0.2003	0.1626	0.1918	0.1628	0.1251	0.1208	NA	NA	NA	NA	NA	0.5422
17	2.727	0.2305	0.2305	0.2648	0.2796	0.255	0.2796	0.2648	0.2697	0.2404	0.2354	0.2404	0.2256	0.2207	0.1913	0.1962	0.1667	0.1815	NA	NA	NA	NA	NA	0.5983
17	2.4568	0.2088	0.2195	0.2408	0.2355	0.2623	0.2516	0.2729	0.2355	0.2355	0.2516	0.2354	0.2195	0.2033	0.1606	0.1766	0.1446	0.1177	NA	NA	NA	NA	NA	0.4818
17	2.8612	0.2139	0.1934	0.2036	0.2495	0.224	0.2495	0.2444	0.2698	0.2291	0.2291	0.2342	0.1935	0.1935	0.1782	0.1935	0.1324	0.1222	NA	NA	NA	NA	NA	0.5957
17	2.9071	0.2094	0.2284	0.2664	0.2664	0.2855	0.2713	0.2759	0.2664	0.2664	0.2617	0.2522	0.2284	0.2189	0.2094	0.1665	0.1856	0.1666	NA	NA	NA	NA	NA	0.6708
17	2.9203	0.2192	0.2476	0.2906	0.2668	0.2476	0.2954	0.2525	0.2667	0.2573	0.2573	0.2572	0.2049	0.2191	0.181	0.1858	0.1715	0.1382	NA	NA	NA	NA	NA	0.6955
17	2.9027	0.2344	0.275	0.2479	0.2614	0.2975	0.2839	0.3021	0.2749	0.2614	0.2299	0.2614	0.2344	0.2434	0.2118	0.1893	0.1623	0.1442	NA	NA	NA	NA	NA	0.7031
17	2.5881	0.1817	0.2194	0.2331	0.2228	0.2571	0.2468	0.24	0.2434	0.2364	0.216	0.2262	0.2091	0.1851	0.1851	0.1646	0.1405	0.1371	NA	NA	NA	NA	NA	0.5964
17	2.949	0.1976	0.2334	0.2579	0.2861	0.2859	0.2821	0.274	0.2658	0.266	0.278	0.2537	0.2336	0.2217	0.2095	0.1892	0.1773	0.1775	NA	NA	NA	NA	NA	0.7249
17	2.7597	0.215	0.2275	0.253	0.2561	0.2655	0.294	0.2466	0.2782	0.2719	0.2466	0.2434	0.2308	0.2149	0.2024	0.1833	0.1833	0.117	NA	NA	NA	NA	NA	0.5785
17	2.5054	0.2028	0.2085	0.2525	0.2468	0.2732	0.2585	0.2613	0.2438	0.2408	0.2409	0.2232	0.2027	0.1997	0.1733	0.1645	0.1351	0.1381	NA	NA	NA	NA	NA	0.5698
17	2.5419	0.2249	0.2346	0.251	0.2607	0.2639	0.2476	0.2543	0.2574	0.2478	0.2346	0.2182	0.2249	0.1923	0.1792	0.1499	0.1402	0.1369	NA	NA	NA	NA	NA	0.5117
17	2.7566	0.1971	0.2562	0.2629	0.2793	0.2727	0.2924	0.276	0.2826	0.276	0.2661	0.2662	0.2529	0.2202	0.207	0.2037	0.1839	0.1643	NA	NA	NA	NA	NA	0.6538
18	2.7424	0.2169	0.2529	0.2621	0.2801	0.2664	0.2846	0.2756	0.2801	0.2621	0.253	0.2348	0.226	0.2303	0.1989	0.2033	0.1852	0.1446	0.1491	NA	NA	NA	NA	0.7184
18	3.0389	0.2235	0.2283	0.252	0.2663	0.2806	0.2807	0.2758	0.2758	0.2663	0.2664	0.2473	0.2378	0.2283	0.214	0.1902	0.1807	0.1379	0.1332	NA	NA	NA	NA	0.5565
18	8.4677	0.5678	0.6033	0.6383	0.6741	0.6509	0.7564	0.7214	0.686	0.686	0.6623	0.6387	0.6505	0.6505	0.5792	0.5796	0.5678	0.5438	0.4965	NA	NA	NA	NA	2.2
18	2.9734	0.2259	0.2446	0.2682	0.2635	0.2917	0.3011	0.2823	0.2635	0.2729	0.2682	0.2587	0.2211	0.2258	0.207	0.1882	0.1647	0.1411	0.1317	NA	NA	NA	NA	0.5129
18	3.027	0.2506	0.2604	0.3047	0.3243	0.2801	0.3292	0.3194	0.2998	0.3047	0.2899	0.3145	0.2555	0.2604	0.2408	0.2408	0.2261	0.1867	0.172	NA	NA	NA	NA	0.801
18	2.8671	0.2315	0.2464	0.266	0.2807	0.2661	0.2807	0.2758	0.2809	0.2807	0.271	0.2413	0.2512	0.2513	0.2167	0.1872	0.1872	0.1823	0.1626	NA	NA	NA	NA	0.596
18	4.6346	0.3472	0.3827	0.4039	0.4394	0.4039	0.3968	0.4039	0.4394	0.3968	0.3685	0.3614	0.3614	0.3331	0.3047	0.2976	0.3047	0.2622	0.2197	NA	NA	NA	NA	1.0417
18	2.9238	0.235	0.2538	0.2821	0.2679	0.2679	0.2679	0.2538	0.268	0.2679	0.2397	0.2444	0.2303	0.2304	0.2114	0.1833	0.1693	0.1551	0.1552	NA	NA	NA	NA	0.5687
18	2.9349	0.2268	0.2624	0.2446	0.289	0.2757	0.2757	0.2757	0.2579	0.2713	0.2713	0.2579	0.2357	0.2357	0.2045	0.2045	0.169	0.1556	0.1423	NA	NA	NA	NA	0.5158
18	3.073	0.243	0.2164	0.2588	0.2533	0.2746	0.2852	0.2588	0.2693	0.2639	0.2482	0.2482	0.2217	0.227	0.1953	0.1744	0.1584	0.1426	0.1426	NA	NA	NA	NA	0.586
18	2.7927	0.1903	0.2189	0.2474	0.2475	0.2569	0.2664	0.2759	0.2712	0.2712	0.2379	0.2426	0.2331	0.2141	0.1903	0.1998	0.1713	0.1569	0.1285	NA	NA	NA	NA	0.4995
18	3.2584	0.2513	0.2872	0.3111	0.327	0.327	0.3589	0.3191	0.339	0.323	0.3111	0.3071	0.2752	0.2632	0.2473	0.2193	0.2273	0.2074	0.1835	NA	NA	NA	NA	0.6581
18	3.193	0.2444	0.2753	0.2923	0.3132	0.3028	0.3062	0.2959	0.2993	0.2821	0.2821	0.2545	0.2479	0.2305	0.2339	0.2064	0.1755	0.1514	0.1273	NA	NA	NA	NA	0.5402
18	2.9023	0.2365	0.2609	0.2853	0.2772	0.318	0.2975	0.3056	0.2936	0.2975	0.2812	0.2772	0.2528	0.2282	0.2528	0.2202	0.1834	0.159	0.1385	NA	NA	NA	NA	0.7377
18	2.9373	0.2607	0.2569	0.3068	0.3068	0.299	0.326	0.3145	0.3221	0.2913	0.3145	0.2646	0.2645	0.2685	0.2416	0.2147	0.2109	0.2071	0.1802	NA	NA	NA	NA	0.6864
18	2.9177	0.1924	0.2592	0.2867	0.2749	0.2984	0.2827	0.3063	0.267	0.271	0.267	0.2788	0.2553	0.2434	0.2199	0.1885	0.2003	0.1885	0.1375	NA	NA	NA	NA	0.6204
18	3.2247	0.2372	0.2412	0.2734	0.2613	0.2976	0.3056	0.2855	0.2895	0.2613	0.2734	0.2774	0.2735	0.2573	0.2171	0.2091	0.1728	0.1729	0.1528	NA	NA	NA	NA	0.5991
18	5.753	0.4155	0.4411	0.4922	0.505	0.5433	0.5369	0.5433	0.5114	0.5306	0.505	0.4922	0.5114	0.4347	0.4155	0.4347	0.3899	0.326	0.358	NA	NA	NA	NA	1.63
18	3.4157	0.2575	0.2735	0.2934	0.2859	0.3177	0.3179	0.2936	0.3139	0.3139	0.2816	0.2816	0.2655	0.2454	0.2454	0.189	0.1971	0.1932	0.1527	NA	NA	NA	NA	0.5996
19	5.5366	0.3603	0.4266	0.4648	0.4929	0.5024	0.5119	0.5119	0.4837	0.5024	0.474	0.4645	0.474	0.455	0.4266	0.4171	0.3792	0.3413	0.3413	0.3508	NA	NA	NA	1.4599
19	3.8339	0.2332	0.2784	0.285	0.3239	0.3627	0.3237	0.3756	0.3433	0.3173	0.3174	0.3174	0.2914	0.2915	0.259	0.2591	0.2461	0.2008	0.1749	0.1812	NA	NA	NA	0.7837
19	3.6347	0.3029	0.3471	0.3409	0.3785	0.3913	0.3975	0.3912	0.3913	0.3787	0.4037	0.3661	0.328	0.3409	0.3281	0.2777	0.2838	0.2589	0.2271	0.202	NA	NA	NA	0.7698
19	7.2375	0.4427	0.5293	0.5486	0.5967	0.5967	0.616	0.6448	0.616	0.6159	0.6159	0.5679	0.5486	0.5486	0.5582	0.5101	0.4812	0.4428	0.4523	0.3753	NA	NA	NA	1.8286
19	3.9439	0.3208	0.2969	0.3088	0.3326	0.3326	0.3445	0.3088	0.3505	0.3326	0.3267	0.3267	0.303	0.2851	0.2613	0.2673	0.2079	0.2139	0.1901	0.1544	NA	NA	NA	0.6593
19	5.2222	0.3862	0.4265	0.4586	0.4747	0.4908	0.5069	0.515	0.5069	0.515	0.4908	0.523	0.4747	0.4104	0.4104	0.4265	0.3621	0.3701	0.2977	0.2897	NA	NA	NA	1.215
19	4.5563	0.3603	0.3302	0.3828	0.3903	0.4053	0.4128	0.3978	0.4279	0.4053	0.4053	0.3753	0.3603	0.3753	0.3377	0.3303	0.3078	0.3077	0.2403	0.2252	NA	NA	NA	0.9608
19	5.9068	0.4314	0.4578	0.5105	0.5546	0.5634	0.5898	0.5985	0.581	0.5898	0.537	0.5897	0.537	0.4754	0.5282	0.4665	0.4314	0.4225	0.4226	0.3697	NA	NA	NA	1.9103
19	4.2551	0.3642	0.3783	0.407	0.4355	0.4355	0.4497	0.4355	0.4784	0.4569	0.4213	0.4212	0.4141	0.4069	0.357	0.3855	0.3141	0.2999	0.2998	0.2713	NA	NA	NA	1.0353
19	6.5008	0.426	0.4925	0.4847	0.5307	0.5383	0.5485	0.5358	0.5357	0.5307	0.5332	0.5026	0.5103	0.5025	0.4949	0.4746	0.4694	0.426	0.4005	0.403	NA	NA	NA	1.6074
19	8.1376	0.5261	0.5694	0.6459	0.6593	0.7325	0.7458	0.7525	0.6959	0.7525	0.6993	0.6426	0.666	0.6693	0.5993	0.5927	0.616	0.5494	0.5527	0.5061	NA	NA	NA	2.2076
19	7.7094	0.5275	0.5722	0.5836	0.6285	0.6621	0.6846	0.662	0.6621	0.6846	0.6846	0.6733	0.7181	0.5948	0.6285	0.5948	0.5724	0.5834	0.5275	0.4602	NA	NA	NA	2.2667
19	6.0269	0.3973	0.387	0.4667	0.5063	0.4964	0.5761	0.5555	0.4964	0.5063	0.5063	0.4667	0.4964	0.4568	0.437	0.4366	0.3973	0.3874	0.3374	0.2978	NA	NA	NA	1.4893
19	4.6694	0.3293	0.3377	0.3715	0.3715	0.4391	0.4053	0.4138	0.4137	0.4475	0.3884	0.38	0.38	0.3631	0.3462	0.3293	0.304	0.2955	0.228	0.2533	NA	NA	NA	0.9373
19	7.64	0.5081	0.5378	0.6377	0.5776	0.6576	0.6772	0.6775	0.6971	0.6576	0.6573	0.6375	0.6276	0.5977	0.6076	0.5776	0.548	0.478	0.5179	0.4684	NA	NA	NA	2.3408
19	4.5611	0.312	0.3487	0.3854	0.3763	0.413	0.4313	0.3854	0.4497	0.3946	0.3763	0.3854	0.3854	0.3579	0.3304	0.3304	0.2937	0.2661	0.2661	0.2386	NA	NA	NA	1.0738
19	5.9788	0.3664	0.4201	0.4647	0.572	0.5362	0.572	0.5719	0.5631	0.5451	0.5541	0.5184	0.5004	0.5094	0.4647	0.4379	0.4111	0.4111	0.3754	0.3664	NA	NA	NA	1.8231
19	3.9799	0.2603	0.3066	0.295	0.3471	0.3471	0.3529	0.3529	0.3586	0.3587	0.3355	0.3297	0.3066	0.2893	0.2661	0.2545	0.2429	0.2198	0.2256	0.1794	NA	NA	NA	0.7173
19	4.3044	0.287	0.3244	0.3556	0.393	0.3619	0.4118	0.3866	0.4243	0.3744	0.3741	0.3619	0.3619	0.3741	0.2996	0.3245	0.2744	0.2871	0.2245	0.1995	NA	NA	NA	0.8548
19	3.6232	0.2653	0.2759	0.313	0.3236	0.313	0.3448	0.313	0.3077	0.2971	0.3077	0.2971	0.2812	0.2757	0.2335	0.2439	0.207	0.1962	0.175	0.1591	NA	NA	NA	0.5198
19	3.1619	0.2075	0.2273	0.2569	0.2717	0.2667	0.3113	0.2668	0.2816	0.2372	0.2618	0.247	0.2372	0.2272	0.2075	0.1878	0.1778	0.168	0.1384	0.1383	NA	NA	NA	0.4694
19	3.2814	0.2572	0.2572	0.252	0.2829	0.2829	0.3034	0.2983	0.288	0.2932	0.2572	0.252	0.2572	0.2366	0.2109	0.2109	0.1852	0.1646	0.1594	0.1389	NA	NA	NA	0.5195
19	3.7112	0.2519	0.2799	0.2967	0.3191	0.3303	0.347	0.347	0.3135	0.3247	0.3135	0.2967	0.2855	0.2687	0.2463	0.2463	0.2351	0.2127	0.1791	0.1679	NA	NA	NA	0.5208
19	3.4089	0.2461	0.273	0.2949	0.3277	0.3059	0.3278	0.3114	0.3223	0.3059	0.2951	0.2731	0.284	0.2731	0.2404	0.2295	0.213	0.1803	0.1748	0.1639	NA	NA	NA	0.5791
19	7.6079	0.4402	0.5072	0.5933	0.5837	0.6029	0.6316	0.6316	0.6221	0.622	0.6508	0.6316	0.6221	0.6124	0.5646	0.5646	0.4976	0.5168	0.4689	0.421	NA	NA	NA	2.1915
19	4.1411	0.3396	0.3541	0.3831	0.3613	0.4046	0.3902	0.4335	0.4048	0.4045	0.3616	0.3902	0.3611	0.3542	0.3396	0.3107	0.2963	0.2674	0.2746	0.1952	NA	NA	NA	0.9539
19	7.5347	0.5263	0.5168	0.5263	0.5795	0.6334	0.6328	0.624	0.5973	0.6156	0.6062	0.5795	0.5795	0.5351	0.5529	0.5085	0.5529	0.4985	0.4369	0.5174	NA	NA	NA	2.1222
19	6.7604	0.4097	0.4609	0.5207	0.5463	0.6061	0.6146	0.5804	0.6146	0.5719	0.5805	0.5548	0.5207	0.5292	0.5293	0.5121	0.4524	0.4523	0.3756	0.3927	NA	NA	NA	1.6559
19	6.7489	0.3602	0.4459	0.4716	0.5661	0.5659	0.5488	0.6004	0.6002	0.6004	0.5831	0.5831	0.5575	0.5402	0.5659	0.5232	0.4631	0.4973	0.4288	0.4202	NA	NA	NA	2.0924
19	4.2347	0.2836	0.31	0.3495	0.3563	0.3892	0.3692	0.3498	0.3692	0.3498	0.3429	0.3432	0.356	0.3103	0.3034	0.2905	0.2836	0.2304	0.2244	0.2112	NA	NA	NA	0.8246
19	3.0941	0.2344	0.2537	0.2879	0.2684	0.2733	0.2978	0.2684	0.2879	0.2977	0.2636	0.2684	0.2781	0.2245	0.2147	0.1903	0.205	0.1658	0.1464	0.1464	NA	NA	NA	0.4879
19	6.953	0.4517	0.5107	0.5598	0.6089	0.6383	0.6482	0.7071	0.6482	0.6874	0.6187	0.6187	0.6285	0.5892	0.55	0.5892	0.5303	0.5205	0.4812	0.4321	NA	NA	NA	1.9052
19	4.8886	0.3432	0.3661	0.4195	0.4349	0.4421	0.4729	0.4347	0.4652	0.4271	0.45	0.4422	0.4119	0.4119	0.389	0.3661	0.3507	0.3431	0.2975	0.3051	NA	NA	NA	1.0982
19	3.1995	0.2135	0.2444	0.2912	0.3018	0.3226	0.333	0.333	0.3276	0.3538	0.2912	0.307	0.2808	0.2706	0.2445	0.2445	0.2341	0.2134	0.1715	0.1665	NA	NA	NA	0.6452
19	7.1803	0.376	0.547	0.59	0.658	0.6583	0.701	0.6666	0.6754	0.6925	0.658	0.6327	0.6666	0.6327	0.5812	0.6153	0.5302	0.5382	0.5046	0.4873	NA	NA	NA	2.2482
19	3.7977	0.2996	0.3039	0.3494	0.3676	0.3674	0.3811	0.3811	0.3721	0.363	0.3721	0.3404	0.3039	0.3177	0.2811	0.2814	0.2541	0.2314	0.186	0.1816	NA	NA	NA	0.667
19	4.3665	0.313	0.3346	0.3671	0.3886	0.4049	0.4155	0.421	0.4156	0.4154	0.3996	0.3616	0.3941	0.367	0.3454	0.3131	0.3184	0.2861	0.2537	0.2321	NA	NA	NA	0.9283
19	4.8466	0.305	0.3568	0.4022	0.4541	0.4543	0.4541	0.4541	0.4671	0.4802	0.4476	0.4476	0.4347	0.4218	0.4022	0.3958	0.3828	0.3309	0.3179	0.2854	NA	NA	NA	1.3495
19	6.9523	0.4512	0.5157	0.5525	0.5893	0.6722	0.6353	0.6446	0.6538	0.663	0.6169	0.6078	0.5985	0.5617	0.5525	0.5249	0.5433	0.4605	0.4972	0.4144	NA	NA	NA	2.0258
19	5.3576	0.4229	0.4884	0.5248	0.5831	0.6122	0.6343	0.6195	0.6416	0.5977	0.6122	0.5831	0.5687	0.5394	0.5248	0.4957	0.503	0.4445	0.452	0.401	NA	NA	NA	1.8075
19	4.6024	0.2958	0.3584	0.3926	0.4096	0.4324	0.4494	0.4323	0.4324	0.4267	0.4381	0.4153	0.4039	0.4039	0.3698	0.3527	0.3414	0.3129	0.2788	0.2674	NA	NA	NA	0.9558
19	6.0723	0.4434	0.4856	0.5277	0.5558	0.5702	0.5558	0.5839	0.5561	0.5699	0.5699	0.5421	0.5277	0.5137	0.4996	0.4929	0.4361	0.4361	0.408	0.3518	NA	NA	NA	1.5975
19	3.8052	0.2483	0.3496	0.3142	0.38	0.3851	0.4003	0.4053	0.4003	0.3851	0.4003	0.3901	0.38	0.3749	0.3445	0.3445	0.2989	0.2787	0.2635	0.2331	NA	NA	NA	1.0033
19	6.5485	0.5333	0.5244	0.6006	0.6176	0.6261	0.6515	0.643	0.6599	0.6769	0.6599	0.6176	0.6092	0.5922	0.6092	0.55	0.5754	0.5246	0.4907	0.4823	NA	NA	NA	2.4791
19	3.7566	0.2925	0.3284	0.3438	0.3695	0.3695	0.39	0.3746	0.3746	0.3695	0.3644	0.3746	0.3541	0.3336	0.3182	0.3131	0.2565	0.2515	0.2412	0.2104	NA	NA	NA	0.8313
19	5.9223	0.429	0.4666	0.5192	0.5343	0.5719	0.587	0.5719	0.5944	0.5719	0.5569	0.5569	0.5418	0.5718	0.4967	0.5193	0.4515	0.4289	0.4139	0.4063	NA	NA	NA	1.663
19	3.4938	0.2397	0.2673	0.3089	0.3272	0.3273	0.3318	0.3411	0.341	0.3365	0.341	0.2904	0.3135	0.2811	0.2719	0.2536	0.2166	0.2259	0.1705	0.2028	NA	NA	NA	0.613
19	3.6392	0.2865	0.262	0.2947	0.3316	0.3397	0.3439	0.3233	0.3071	0.3315	0.307	0.3562	0.2865	0.2784	0.2579	0.2579	0.2129	0.1801	0.1884	0.1719	NA	NA	NA	0.6713
19	3.8717	0.2871	0.2782	0.323	0.3275	0.3679	0.3589	0.3634	0.3679	0.341	0.3589	0.3275	0.323	0.3051	0.296	0.2558	0.2378	0.2109	0.2063	0.1929	NA	NA	NA	0.6505
19	3.4524	0.2944	0.3134	0.3514	0.3657	0.3656	0.3609	0.3372	0.3372	0.3371	0.3466	0.3087	0.3087	0.2945	0.2754	0.2564	0.2375	0.228	0.171	0.1757	NA	NA	NA	0.7408
19	3.32	0.2372	0.2792	0.3174	0.3061	0.3634	0.3288	0.3252	0.325	0.3214	0.2945	0.3021	0.2754	0.2639	0.2372	0.218	0.1798	0.1912	0.1645	0.1491	NA	NA	NA	0.6082
19	3.2419	0.291	0.3156	0.3566	0.3565	0.3771	0.3566	0.336	0.3401	0.3525	0.3237	0.3074	0.3115	0.2869	0.2705	0.2417	0.2214	0.209	0.1926	0.1516	NA	NA	NA	0.6475
19	4.196	0.3108	0.3212	0.3989	0.3885	0.4351	0.43	0.4403	0.4559	0.4351	0.4093	0.3937	0.3678	0.3626	0.347	0.3057	0.316	0.2694	0.2486	0.2331	NA	NA	NA	0.9117
19	3.7252	0.2784	0.3121	0.3311	0.3505	0.3552	0.3552	0.3698	0.384	0.3505	0.3696	0.3215	0.3505	0.3073	0.2927	0.2977	0.2544	0.2209	0.2161	0.1823	NA	NA	NA	0.6961
19	3.7615	0.3015	0.3195	0.3464	0.3644	0.3779	0.3779	0.3959	0.3509	0.3779	0.3599	0.3464	0.3194	0.3285	0.306	0.2925	0.2789	0.234	0.225	0.1979	NA	NA	NA	0.8459
19	3.8132	0.2369	0.3112	0.3205	0.3483	0.3483	0.3344	0.418	0.3251	0.3623	0.3344	0.3298	0.3251	0.3205	0.2787	0.288	0.2647	0.2322	0.2183	0.2044	NA	NA	NA	0.8128
19	6.7684	0.4337	0.4698	0.5784	0.5964	0.6235	0.6599	0.6416	0.6055	0.6687	0.6506	0.5964	0.5964	0.6148	0.5691	0.5601	0.5061	0.5242	0.4698	0.4339	NA	NA	NA	2.0963
19	6.6356	0.5067	0.5651	0.575	0.6333	0.6138	0.6627	0.6917	0.6917	0.653	0.6722	0.6528	0.6822	0.5943	0.6235	0.6043	0.5651	0.5456	0.5067	0.5067	NA	NA	NA	2.4359
19	4.4033	0.3544	0.3484	0.3965	0.4145	0.4205	0.4265	0.4385	0.4325	0.4145	0.4265	0.4025	0.3785	0.3724	0.3424	0.3484	0.3064	0.3004	0.2403	0.2463	NA	NA	NA	0.9972
19	5.8462	0.4058	0.437	0.4762	0.5464	0.5308	0.5308	0.4604	0.4918	0.5308	0.515	0.4996	0.484	0.4526	0.445	0.4292	0.4372	0.3512	0.3512	0.3044	NA	NA	NA	1.483
19	6.3809	0.4624	0.4882	0.5738	0.5909	0.6169	0.5824	0.6508	0.6511	0.5824	0.6166	0.5653	0.5653	0.5824	0.531	0.531	0.4968	0.5054	0.4626	0.3767	NA	NA	NA	2.1327
19	3.4094	0.283	0.333	0.3164	0.3372	0.3372	0.3037	0.2915	0.3164	0.3037	0.2954	0.2998	0.2623	0.2664	0.2371	0.2249	0.1957	0.1705	0.1625	0.1705	NA	NA	NA	0.5287
19	5.9853	0.4818	0.4291	0.5044	0.5195	0.5571	0.5345	0.5647	0.5571	0.5571	0.5496	0.527	0.5044	0.4894	0.4894	0.4593	0.4818	0.4292	0.3914	0.3765	NA	NA	NA	1.7995
19	4.5461	0.3261	0.3574	0.4264	0.4075	0.4139	0.4515	0.4515	0.4577	0.439	0.4264	0.4514	0.4452	0.3951	0.3511	0.37	0.3512	0.3135	0.2821	0.2947	NA	NA	NA	1.229
19	3.4032	0.268	0.3005	0.3004	0.3492	0.3249	0.3575	0.3411	0.3654	0.337	0.333	0.3411	0.2884	0.3127	0.272	0.2355	0.2559	0.2112	0.1989	0.1868	NA	NA	NA	0.7433
19	4.6575	0.3455	0.3519	0.4348	0.467	0.4351	0.4734	0.4224	0.4415	0.4415	0.4348	0.4415	0.4096	0.422	0.3841	0.3646	0.3582	0.3069	0.3008	0.2689	NA	NA	NA	1.3621
19	5.8711	0.3848	0.4302	0.5056	0.4754	0.5811	0.5358	0.5584	0.5659	0.5509	0.5584	0.5811	0.5131	0.5057	0.5131	0.4603	0.4603	0.4377	0.415	0.3698	NA	NA	NA	1.6752
19	5.2033	0.3683	0.3923	0.4467	0.4768	0.4588	0.495	0.4768	0.489	0.4889	0.5252	0.4889	0.4286	0.4225	0.4105	0.3923	0.4044	0.3501	0.3259	0.3139	NA	NA	NA	1.2978
19	5.5374	0.3804	0.4621	0.5028	0.5367	0.5164	0.5774	0.5573	0.5706	0.5164	0.5367	0.5367	0.4825	0.5096	0.4689	0.4618	0.4621	0.394	0.3739	0.3329	NA	NA	NA	1.6919
19	4.5893	0.3729	0.3786	0.413	0.4475	0.4245	0.4704	0.4475	0.4704	0.4475	0.4417	0.4417	0.413	0.3901	0.3786	0.3614	0.3442	0.3098	0.2639	0.2811	NA	NA	NA	1.1186
19	4.897	0.3179	0.3738	0.4183	0.4183	0.4295	0.4573	0.4629	0.4573	0.4239	0.4351	0.4128	0.4295	0.3961	0.3794	0.329	0.3402	0.307	0.2789	0.2564	NA	NA	NA	0.965
19	6.7998	0.5055	0.5545	0.5789	0.587	0.6197	0.6359	0.6196	0.6523	0.6441	0.6114	0.6115	0.6196	0.587	0.5708	0.5381	0.5381	0.4729	0.4403	0.424	NA	NA	NA	2.1281
19	6.7639	0.4343	0.4842	0.5345	0.6012	0.5929	0.6263	0.643	0.5845	0.6346	0.618	0.5929	0.5845	0.5929	0.5678	0.5762	0.5595	0.4426	0.476	0.4092	NA	NA	NA	2.0292
19	5.6477	0.4234	0.4228	0.4654	0.5006	0.5076	0.4938	0.5286	0.5076	0.5076	0.4936	0.4936	0.4585	0.4724	0.4229	0.4445	0.4158	0.3879	0.3384	0.2963	NA	NA	NA	1.41
19	4.7909	0.2783	0.3182	0.3709	0.3824	0.3997	0.429	0.4224	0.4232	0.4285	0.3997	0.4055	0.3997	0.3767	0.359	0.3417	0.3248	0.3124	0.2668	0.2433	NA	NA	NA	1.0658
19	3.9422	0.2935	0.3045	0.3267	0.3488	0.3599	0.371	0.3544	0.382	0.3599	0.3599	0.3433	0.3211	0.3211	0.299	0.2768	0.2658	0.2436	0.1994	0.1937	NA	NA	NA	0.7751
19	7.3209	0.4405	0.4476	0.5149	0.5832	0.5761	0.6167	0.6373	0.6031	0.6167	0.6035	0.6031	0.5761	0.5629	0.5896	0.5284	0.5152	0.5085	0.4743	0.4202	NA	NA	NA	2.0471
19	4.7736	0.3067	0.329	0.3736	0.3791	0.4071	0.3904	0.4351	0.4238	0.3904	0.3847	0.3848	0.3904	0.3569	0.3458	0.3179	0.2733	0.2844	0.2733	0.223	NA	NA	NA	0.9537
19	6.3164	0.4316	0.425	0.4773	0.4773	0.5492	0.5166	0.5035	0.5492	0.5231	0.4969	0.5035	0.4904	0.4773	0.4773	0.4185	0.4316	0.4054	0.3596	0.3269	NA	NA	NA	1.5236
19	6.2508	0.4014	0.4078	0.4525	0.4905	0.5162	0.5225	0.5223	0.5098	0.5287	0.5162	0.4841	0.4907	0.4587	0.4525	0.4523	0.4141	0.395	0.3759	0.325	NA	NA	NA	1.7013
19	5.5163	0.3697	0.398	0.4494	0.4777	0.489	0.5007	0.489	0.489	0.4894	0.4777	0.455	0.4433	0.4324	0.421	0.4094	0.3754	0.3584	0.3467	0.3244	NA	NA	NA	1.2851
19	4.5632	0.3153	0.3576	0.3925	0.4065	0.4488	0.4558	0.4065	0.4209	0.4204	0.4065	0.3786	0.3646	0.3646	0.3432	0.3088	0.3223	0.2735	0.2525	0.2241	NA	NA	NA	0.8971
19	4.0651	0.2858	0.2858	0.3266	0.3267	0.3441	0.3674	0.3441	0.3383	0.35	0.3441	0.3324	0.3034	0.2915	0.2858	0.2625	0.2449	0.2391	0.1983	0.1924	NA	NA	NA	0.7233
20	6.0471	0.4058	0.4854	0.541	0.5092	0.5888	0.5729	0.5729	0.5888	0.5729	0.5649	0.565	0.541	0.5251	0.5013	0.4933	0.4535	0.4375	0.4297	0.3581	0.3818	NA	NA	1.7267
20	4.8037	0.3719	0.3879	0.4352	0.4273	0.4749	0.5063	0.4749	0.4747	0.4828	0.4747	0.4828	0.4905	0.4275	0.4273	0.4431	0.38	0.3403	0.3324	0.3007	0.277	NA	NA	1.1236
20	5.7449	0.3384	0.3467	0.3714	0.4622	0.4787	0.487	0.5118	0.4705	0.4787	0.4787	0.454	0.4292	0.4622	0.4375	0.421	0.3879	0.3632	0.3467	0.3054	0.3054	NA	NA	1.2299
20	5.1854	0.3519	0.3976	0.413	0.5048	0.4819	0.4971	0.5201	0.4742	0.5201	0.4818	0.4666	0.4512	0.4512	0.4283	0.436	0.39	0.3442	0.3594	0.2983	0.3059	NA	NA	1.2543
20	6.8844	0.4196	0.4197	0.5358	0.5803	0.5358	0.5536	0.5803	0.5983	0.5893	0.5626	0.5715	0.5714	0.5447	0.5358	0.491	0.4822	0.4553	0.4465	0.3928	0.3304	NA	NA	1.5983
20	3.3812	0.253	0.2653	0.2715	0.3024	0.327	0.327	0.327	0.3147	0.3209	0.3146	0.2962	0.3085	0.29	0.2653	0.2468	0.2159	0.2159	0.1913	0.1727	0.1542	NA	NA	0.6788
20	6.3892	0.4476	0.4739	0.5266	0.5617	0.5617	0.5968	0.588	0.5704	0.588	0.6055	0.5969	0.6143	0.5704	0.5441	0.5003	0.509	0.5001	0.4564	0.4125	0.4037	NA	NA	1.571
20	6.9426	0.4352	0.5414	0.6051	0.5945	0.6157	0.6475	0.6475	0.6582	0.6263	0.6263	0.6582	0.6157	0.6157	0.5626	0.5732	0.552	0.5202	0.4777	0.4989	0.4246	NA	NA	2.2823
20	5.5587	0.4533	0.4056	0.4692	0.5328	0.5487	0.5806	0.5328	0.5089	0.5249	0.5805	0.509	0.5328	0.501	0.4533	0.4771	0.4374	0.4215	0.3977	0.3578	0.3499	NA	NA	1.4155
20	4.5037	0.2887	0.3464	0.3959	0.4042	0.4124	0.4123	0.3959	0.3959	0.4207	0.3876	0.3795	0.363	0.3464	0.33	0.3216	0.3135	0.2556	0.2475	0.2392	0.1815	NA	NA	0.8083
20	7.3099	0.4675	0.5631	0.5992	0.6231	0.6709	0.6712	0.6231	0.671	0.6471	0.6591	0.647	0.6352	0.647	0.6232	0.5751	0.5991	0.5753	0.5272	0.5034	0.5152	NA	NA	2.3368
20	6.2365	0.529	0.5526	0.5447	0.5368	0.5605	0.5605	0.5684	0.5447	0.5211	0.5368	0.5368	0.5526	0.4816	0.4815	0.4342	0.4184	0.4026	0.3473	0.3394	0.2921	NA	NA	1.4289
20	6.6086	0.4756	0.5007	0.5341	0.5424	0.6258	0.5924	0.6175	0.5925	0.5674	0.6342	0.5758	0.5507	0.5591	0.5507	0.5257	0.4923	0.4756	0.4172	0.4172	0.3671	NA	NA	1.5854
20	6.0726	0.4511	0.451	0.5012	0.5179	0.5764	0.5429	0.5346	0.5847	0.5429	0.5263	0.5179	0.5012	0.5263	0.4928	0.4594	0.4344	0.4176	0.3842	0.3508	0.3425	NA	NA	1.2446
20	7.6094	0.48	0.5235	0.5934	0.7418	0.6719	0.7243	0.6807	0.6631	0.7069	0.6894	0.6631	0.637	0.6109	0.6282	0.5847	0.5846	0.5498	0.5235	0.4713	0.4625	NA	NA	1.9983
20	7.7617	0.4906	0.5674	0.5964	0.6828	0.6829	0.6924	0.7214	0.7021	0.7406	0.7405	0.6733	0.7118	0.6732	0.6733	0.6155	0.606	0.5867	0.5193	0.5194	0.5193	NA	NA	1.9717
20	4.3365	0.2877	0.3228	0.3438	0.3649	0.421	0.3789	0.421	0.3859	0.386	0.386	0.3859	0.3649	0.3648	0.3439	0.3228	0.3017	0.2948	0.2526	0.2386	0.2176	NA	NA	0.9262
20	4.4089	0.3103	0.3104	0.395	0.4021	0.4162	0.4585	0.402	0.4233	0.4233	0.4303	0.395	0.388	0.3668	0.3667	0.388	0.3034	0.3104	0.2962	0.2752	0.2609	NA	NA	0.896
20	5.1705	0.3195	0.3583	0.3776	0.4551	0.426	0.4841	0.4454	0.4551	0.4454	0.4648	0.4357	0.4454	0.4163	0.426	0.4067	0.3486	0.3583	0.3486	0.3002	0.2808	NA	NA	1.1619
20	5.4019	0.3024	0.336	0.3949	0.462	0.4705	0.4789	0.4621	0.4705	0.4536	0.3864	0.3864	0.4368	0.4201	0.3864	0.3612	0.3864	0.3445	0.3024	0.294	0.2605	NA	NA	1.1426
20	4.9761	0.3125	0.3671	0.3671	0.414	0.414	0.4374	0.4374	0.414	0.4218	0.4218	0.3984	0.3984	0.3906	0.3593	0.3515	0.3125	0.3125	0.3125	0.2422	0.2265	NA	NA	0.9374
20	4.1668	0.3084	0.3223	0.3152	0.3974	0.4113	0.3837	0.3565	0.4041	0.3907	0.3906	0.3907	0.3632	0.3837	0.3632	0.3154	0.3289	0.2741	0.2467	0.2397	0.2262	NA	NA	0.8772
20	4.1455	0.2817	0.2952	0.3622	0.3421	0.3756	0.369	0.3287	0.3555	0.3421	0.3555	0.3488	0.3354	0.3153	0.2951	0.2616	0.2952	0.2549	0.2146	0.2146	0.1878	NA	NA	0.6507
20	4.4985	0.3419	0.3319	0.4162	0.4013	0.431	0.436	0.4013	0.4112	0.3963	0.3865	0.4112	0.3617	0.3419	0.3517	0.3319	0.3221	0.3072	0.2675	0.2477	0.2378	NA	NA	0.9167
20	4.6696	0.3566	0.3623	0.392	0.4219	0.4455	0.4278	0.4336	0.4277	0.4159	0.404	0.404	0.3921	0.3683	0.3327	0.3208	0.3208	0.3089	0.2556	0.2435	0.2138	NA	NA	0.9386
20	5.081	0.3122	0.4031	0.4087	0.4882	0.4598	0.4826	0.4882	0.4542	0.4655	0.4598	0.4428	0.4315	0.4201	0.4031	0.3804	0.3463	0.3406	0.3009	0.2952	0.2498	NA	NA	1.2717
20	4.4419	0.3098	0.315	0.4043	0.4358	0.441	0.4463	0.4463	0.4621	0.462	0.4305	0.4148	0.4095	0.3938	0.3675	0.3466	0.3465	0.3045	0.2993	0.2835	0.252	NA	NA	1.0711
20	4.2638	0.3301	0.3357	0.3245	0.3525	0.3917	0.4029	0.3525	0.4141	0.3805	0.3805	0.3357	0.3805	0.3413	0.3357	0.3133	0.2742	0.263	0.2574	0.2238	0.2014	NA	NA	0.8393
20	6.3034	0.4202	0.4202	0.5071	0.5579	0.5506	0.6014	0.5795	0.5797	0.5506	0.6014	0.5868	0.529	0.5506	0.4999	0.529	0.4781	0.4854	0.4057	0.4275	0.3695	NA	NA	1.681
20	5.8464	0.432	0.4608	0.5328	0.5328	0.6048	0.5616	0.6048	0.5904	0.5904	0.5904	0.54	0.5688	0.5184	0.5184	0.4896	0.468	0.4464	0.432	0.4104	0.3528	NA	NA	1.584
20	4.9767	0.3499	0.3823	0.4213	0.4601	0.4728	0.4733	0.4728	0.4601	0.4728	0.4601	0.4343	0.4275	0.4148	0.4081	0.3822	0.3501	0.3044	0.3111	0.2917	0.2658	NA	NA	1.1921
20	3.9278	0.3321	0.3532	0.3902	0.3953	0.4586	0.4376	0.4429	0.4376	0.4271	0.4376	0.3953	0.4165	0.4007	0.369	0.3426	0.3217	0.3058	0.274	0.2477	0.2215	NA	NA	0.8331
20	4.0884	0.2917	0.315	0.3674	0.3849	0.4024	0.4084	0.3965	0.3965	0.3967	0.3907	0.3849	0.3616	0.3441	0.3383	0.2858	0.2917	0.239	0.2449	0.2218	0.1983	NA	NA	0.7523
20	4.2664	0.3561	0.391	0.508	0.4611	0.496	0.4789	0.508	0.4902	0.4611	0.5022	0.4378	0.4785	0.4262	0.4665	0.403	0.3561	0.3735	0.3383	0.2805	0.327	NA	NA	1.1209
20	7.0327	0.5404	0.5752	0.6277	0.6361	0.6274	0.7061	0.7145	0.7322	0.6971	0.6625	0.6971	0.6538	0.5665	0.6187	0.61	0.5752	0.5662	0.5929	0.4794	0.4968	NA	NA	2.144
20	3.9131	0.2718	0.3113	0.3113	0.3607	0.336	0.3508	0.3607	0.3557	0.3607	0.3409	0.3656	0.3261	0.3014	0.2965	0.2915	0.2767	0.2421	0.2174	0.2075	0.168	NA	NA	0.746
20	5.9101	0.3705	0.4242	0.4553	0.5169	0.4861	0.5478	0.5401	0.5403	0.5555	0.5324	0.5015	0.5015	0.4938	0.4938	0.4476	0.4396	0.4165	0.4013	0.3551	0.3163	NA	NA	1.5357
20	5.9423	0.3791	0.3998	0.4964	0.5515	0.5722	0.5446	0.5928	0.5791	0.5791	0.5653	0.5101	0.5515	0.5101	0.517	0.5101	0.4619	0.455	0.4067	0.3722	0.3516	NA	NA	1.4201
20	4.9344	0.3456	0.4054	0.441	0.4291	0.4291	0.4592	0.4469	0.4528	0.4532	0.4528	0.4172	0.4113	0.399	0.3816	0.3757	0.3156	0.3338	0.2982	0.2444	0.2444	NA	NA	1.1738
20	3.8858	0.318	0.3354	0.3701	0.4049	0.3874	0.4105	0.4049	0.3932	0.399	0.3875	0.399	0.3701	0.3701	0.3413	0.3123	0.2834	0.2718	0.2428	0.2487	0.1966	NA	NA	0.7806
20	5.7546	0.3827	0.4047	0.4784	0.4709	0.5151	0.5004	0.5667	0.5372	0.5224	0.5372	0.5004	0.4784	0.4636	0.4562	0.4416	0.4194	0.3974	0.3532	0.3753	0.3238	NA	NA	1.4499
20	4.2833	0.2671	0.3421	0.3655	0.3984	0.403	0.3843	0.3937	0.4077	0.3937	0.3889	0.3655	0.3515	0.389	0.3093	0.2999	0.2625	0.2484	0.2437	0.2203	0.2015	NA	NA	0.6937
20	8.3627	0.487	0.601	0.684	0.7461	0.7462	0.7979	0.7875	0.8498	0.8186	0.7669	0.7668	0.7358	0.7254	0.715	0.6736	0.6528	0.601	0.6322	0.5388	0.5699	NA	NA	2.456
20	4.0308	0.2395	0.2824	0.3303	0.3446	0.3543	0.3447	0.3543	0.3542	0.3447	0.3447	0.3254	0.316	0.3159	0.3064	0.2728	0.2729	0.2489	0.225	0.2106	0.1771	NA	NA	0.8187
20	7.0508	0.514	0.4885	0.5482	0.6084	0.6255	0.6595	0.6512	0.6597	0.6341	0.591	0.6341	0.5655	0.591	0.5912	0.5912	0.5568	0.5313	0.5054	0.4626	0.4628	NA	NA	2.039
20	7.182	0.5809	0.5985	0.5985	0.6425	0.6953	0.6689	0.7217	0.6689	0.7129	0.6953	0.6689	0.6513	0.6249	0.6425	0.5985	0.5809	0.5721	0.5017	0.5281	0.4577	NA	NA	1.8923
20	5.0247	0.3401	0.3721	0.4108	0.4685	0.4877	0.494	0.539	0.4493	0.5262	0.4685	0.5006	0.4876	0.4172	0.4236	0.4042	0.3723	0.3914	0.3208	0.2759	0.2695	NA	NA	1.3282
20	3.8018	0.1966	0.3164	0.35	0.374	0.4075	0.4027	0.4027	0.4075	0.3835	0.3835	0.3931	0.3883	0.3692	0.326	0.3068	0.2733	0.2924	0.2493	0.2061	0.2014	NA	NA	0.7911
20	4.417	0.2792	0.3173	0.3427	0.3554	0.3871	0.3998	0.4252	0.4062	0.3808	0.3681	0.3745	0.3681	0.3427	0.311	0.3236	0.3173	0.2666	0.2475	0.2158	0.2031	NA	NA	0.7236
21	5.3381	0.3497	0.4164	0.4747	0.458	0.4996	0.4497	0.5413	0.4996	0.4996	0.4747	0.4913	0.458	0.4414	0.4414	0.3913	0.433	0.3581	0.3581	0.3164	0.2998	0.2914	NA	1.3241
21	4.2584	0.3592	0.3519	0.3816	0.404	0.4042	0.4115	0.3893	0.404	0.4267	0.404	0.3891	0.3743	0.3592	0.3592	0.3592	0.3369	0.2919	0.2545	0.2545	0.2169	0.2021	NA	0.8083
21	4.5717	0.3386	0.3607	0.4271	0.3975	0.4269	0.4122	0.4198	0.449	0.4343	0.3902	0.4198	0.4049	0.3754	0.3754	0.3754	0.3239	0.3239	0.3164	0.2799	0.2651	0.2356	NA	0.9275
21	5.5975	0.4157	0.4364	0.485	0.4849	0.5404	0.5542	0.4919	0.5195	0.5404	0.5196	0.5057	0.5404	0.4364	0.4711	0.4365	0.4295	0.4156	0.3741	0.3256	0.3117	0.3186	NA	1.3301
21	6.0541	0.3926	0.4475	0.5113	0.5479	0.5661	0.5844	0.5936	0.557	0.5753	0.5478	0.5479	0.5387	0.5023	0.5113	0.5023	0.4657	0.4384	0.4109	0.3835	0.3744	0.347	NA	1.598
21	5.5241	0.3287	0.3931	0.481	0.4888	0.4974	0.5291	0.5293	0.505	0.5212	0.513	0.4972	0.489	0.4489	0.4411	0.4329	0.4329	0.4089	0.3528	0.3127	0.3367	0.2486	NA	1.2751
21	5.0541	0.3491	0.3491	0.4046	0.4602	0.4601	0.4443	0.4682	0.4443	0.4444	0.476	0.4206	0.4443	0.4206	0.3967	0.365	0.365	0.3332	0.3094	0.2777	0.2698	0.2539	NA	1.1346
21	3.6235	0.2823	0.3651	0.3307	0.3445	0.3718	0.3654	0.3582	0.3929	0.372	0.3445	0.3582	0.3445	0.3029	0.3167	0.2757	0.2895	0.2344	0.2339	0.2	0.2138	0.186	NA	0.7718
21	5.1993	0.3304	0.3853	0.4405	0.4956	0.4721	0.4875	0.5035	0.4875	0.5114	0.4954	0.4483	0.4485	0.4719	0.409	0.409	0.3774	0.3697	0.3461	0.3227	0.2593	0.2596	NA	1.1484
21	5.6118	0.3876	0.4468	0.4802	0.5308	0.5392	0.5984	0.5561	0.5563	0.5476	0.5308	0.5562	0.4971	0.514	0.4636	0.4803	0.4383	0.4043	0.3708	0.3876	0.3204	0.2862	NA	1.5673
21	7.7614	0.5358	0.567	0.6597	0.6494	0.67	0.7215	0.7009	0.6803	0.7321	0.67	0.6803	0.6597	0.6391	0.6285	0.6185	0.5876	0.5979	0.5255	0.5361	0.4846	0.4534	NA	1.9996
21	4.9462	0.3445	0.3911	0.4148	0.4383	0.4695	0.4617	0.4617	0.4774	0.4542	0.4693	0.407	0.3914	0.3679	0.3914	0.3755	0.3601	0.3364	0.321	0.2736	0.2663	0.2658	NA	0.9319
21	6.8991	0.4058	0.4988	0.5581	0.5917	0.5835	0.7018	0.6594	0.6173	0.6595	0.668	0.6086	0.5835	0.6086	0.5666	0.5664	0.5243	0.4988	0.4227	0.4821	0.4058	0.372	NA	1.8261
21	4.0613	0.3174	0.3678	0.3729	0.3981	0.4384	0.4283	0.4232	0.3931	0.4132	0.3981	0.3779	0.3678	0.3729	0.3527	0.3074	0.2973	0.2973	0.2771	0.2469	0.2016	0.1713	NA	0.7307
21	4.2688	0.3399	0.3302	0.3836	0.4031	0.408	0.4031	0.4128	0.4273	0.4079	0.3982	0.3885	0.3788	0.3885	0.3642	0.3351	0.3011	0.2865	0.2671	0.2428	0.238	0.1991	NA	0.7285
21	3.799	0.2572	0.3262	0.3492	0.3583	0.3767	0.3766	0.3813	0.3905	0.3583	0.3721	0.3492	0.3399	0.3124	0.3078	0.2756	0.2848	0.2436	0.2297	0.2205	0.2067	0.1792	NA	0.6523
21	7.9426	0.4031	0.5444	0.6146	0.6552	0.7156	0.7355	0.6955	0.7156	0.7459	0.7053	0.7459	0.6451	0.665	0.7056	0.6351	0.6247	0.6451	0.5945	0.5545	0.4837	0.4938	NA	2.6609
21	3.8424	0.2913	0.319	0.3329	0.3884	0.3745	0.3884	0.3838	0.3792	0.3699	0.356	0.3699	0.3422	0.3052	0.3144	0.3191	0.282	0.2682	0.2219	0.2266	0.1988	0.1942	NA	0.7444
21	3.8053	0.2755	0.2845	0.3443	0.3351	0.3626	0.3581	0.381	0.3443	0.3672	0.3535	0.3168	0.3214	0.3168	0.2937	0.2847	0.2663	0.2478	0.2066	0.202	0.1882	0.1423	NA	0.7666
21	4.2465	0.3064	0.3502	0.3843	0.428	0.4135	0.4281	0.4135	0.3989	0.4232	0.4037	0.394	0.3648	0.3794	0.3454	0.3308	0.321	0.2919	0.2919	0.2238	0.2189	0.1994	NA	0.7783
21	6.8255	0.4277	0.5411	0.5762	0.5847	0.6198	0.6198	0.6285	0.6109	0.646	0.55	0.5934	0.5936	0.6198	0.5932	0.5413	0.5587	0.4977	0.4974	0.4366	0.4277	0.4277	NA	1.8853
21	4.1979	0.3153	0.3453	0.4066	0.4168	0.4168	0.4166	0.4371	0.4117	0.3965	0.4521	0.3863	0.376	0.4015	0.3557	0.3406	0.3455	0.2948	0.3049	0.2692	0.2186	0.2083	NA	0.8638
21	5.7927	0.3433	0.3218	0.4649	0.5149	0.4863	0.5078	0.5006	0.5221	0.5006	0.5292	0.5006	0.5006	0.4505	0.4434	0.4362	0.3934	0.3719	0.3576	0.3361	0.3004	0.2646	NA	1.2658
21	5.1776	0.3923	0.373	0.4309	0.4825	0.4759	0.4759	0.5146	0.4888	0.4888	0.4889	0.4887	0.4246	0.4632	0.4758	0.4374	0.3473	0.4052	0.3666	0.3409	0.3408	0.3024	NA	1.338
21	3.9273	0.2695	0.3039	0.3325	0.3555	0.3899	0.3956	0.3784	0.3899	0.3841	0.3784	0.3784	0.3956	0.344	0.3383	0.344	0.3039	0.2809	0.2867	0.2523	0.2293	0.2236	NA	0.8944
21	7.4907	0.5672	0.5581	0.6923	0.7307	0.7211	0.8271	0.7696	0.7594	0.7312	0.7211	0.7211	0.7499	0.654	0.6828	0.6732	0.6636	0.6348	0.5768	0.5965	0.4713	0.5097	NA	2.404
21	6.4781	0.4741	0.4898	0.5293	0.5767	0.5372	0.6083	0.5846	0.6083	0.5609	0.6004	0.5846	0.5609	0.5609	0.5451	0.553	0.5214	0.5056	0.474	0.4266	0.4029	0.3634	NA	1.5958
21	4.9936	0.3447	0.3885	0.4323	0.4198	0.4949	0.4699	0.4573	0.5076	0.4511	0.4761	0.4135	0.3762	0.3946	0.4135	0.3883	0.376	0.3384	0.2881	0.3071	0.2381	0.2506	NA	0.9585
21	6.3066	0.4062	0.4633	0.5367	0.5606	0.6258	0.5934	0.5768	0.5853	0.5934	0.5934	0.5606	0.5772	0.5768	0.5119	0.5123	0.4876	0.4552	0.4224	0.4228	0.3413	0.3008	NA	1.5034
21	6.4688	0.375	0.4611	0.4923	0.5781	0.5625	0.5859	0.6015	0.6252	0.6015	0.5859	0.6015	0.6171	0.5785	0.5466	0.5161	0.4998	0.4767	0.4608	0.4377	0.4062	0.4062	NA	1.7737
21	3.4277	0.234	0.2913	0.3246	0.3532	0.3294	0.3484	0.3246	0.3389	0.3151	0.3104	0.3199	0.3151	0.2723	0.2432	0.2578	0.253	0.2007	0.2004	0.1861	0.1671	0.1528	NA	0.4867
21	7.477	0.4193	0.45	0.6137	0.6137	0.675	0.6445	0.6343	0.6953	0.6854	0.675	0.6852	0.7059	0.6239	0.6546	0.6036	0.6137	0.5523	0.5523	0.5626	0.4399	0.4705	NA	2.3936
21	8.1559	0.5549	0.5549	0.6072	0.6387	0.691	0.7014	0.6596	0.7223	0.7224	0.6909	0.6806	0.6596	0.6595	0.6282	0.6177	0.6178	0.5444	0.5759	0.5339	0.4816	0.4398	NA	2.1254
21	4.201	0.2956	0.3167	0.3589	0.3536	0.3853	0.3747	0.3905	0.3958	0.3905	0.3958	0.3642	0.3589	0.3272	0.3272	0.3061	0.2797	0.3008	0.2639	0.19	0.2217	0.19	NA	0.6966
21	6.2064	0.4622	0.4775	0.4925	0.5381	0.5457	0.5455	0.5684	0.5608	0.5684	0.5606	0.5229	0.5608	0.5076	0.5078	0.4394	0.4548	0.4319	0.4092	0.3563	0.3787	0.3183	NA	1.5535
21	5.0789	0.3775	0.4461	0.4598	0.4804	0.5216	0.5148	0.5079	0.5216	0.5148	0.5285	0.501	0.501	0.453	0.4735	0.4256	0.4049	0.3844	0.3706	0.3501	0.3225	0.302	NA	1.1942
21	6.0937	0.4635	0.4711	0.4407	0.5243	0.5546	0.5622	0.5927	0.5926	0.5546	0.5623	0.5394	0.547	0.5091	0.5015	0.5167	0.4559	0.4711	0.4027	0.4255	0.3495	0.3343	NA	1.626
21	6.8734	0.5496	0.5834	0.5664	0.6595	0.6763	0.6848	0.6679	0.6594	0.6848	0.6933	0.6087	0.6426	0.6002	0.6002	0.5496	0.5749	0.5496	0.4988	0.4819	0.4565	0.4142	NA	1.9868
21	4.6099	0.3187	0.3736	0.4231	0.3956	0.4396	0.4341	0.4561	0.4505	0.4231	0.4286	0.4121	0.4176	0.3846	0.3627	0.3626	0.3462	0.3187	0.3022	0.2308	0.2528	0.2308	NA	0.9615
21	6.0652	0.4031	0.3952	0.5222	0.5073	0.567	0.567	0.5744	0.4998	0.567	0.5147	0.5148	0.5595	0.4775	0.4627	0.4923	0.4253	0.3954	0.3953	0.4029	0.2984	0.2761	NA	1.3353
22	5.4806	0.3488	0.4109	0.4341	0.4961	0.4884	0.5039	0.5194	0.4961	0.4884	0.5271	0.4729	0.4729	0.4651	0.4496	0.4186	0.4341	0.4031	0.3566	0.3411	0.3101	0.2946	0.2868	1.1163
22	5.9439	0.4481	0.4801	0.552	0.536	0.568	0.56	0.6322	0.568	0.592	0.608	0.592	0.5682	0.552	0.528	0.4881	0.512	0.4961	0.4319	0.4481	0.3839	0.3442	0.328	1.456
22	7.4848	0.4543	0.4543	0.584	0.7032	0.6704	0.6923	0.7463	0.7031	0.6923	0.7138	0.7139	0.6489	0.6058	0.6274	0.6273	0.6274	0.5732	0.53	0.4975	0.4759	0.4652	0.3677	1.8495
22	4.6677	0.3032	0.3028	0.3849	0.4176	0.4013	0.4503	0.4092	0.4667	0.4504	0.3931	0.4258	0.434	0.3931	0.3768	0.3437	0.3849	0.2865	0.3029	0.295	0.2538	0.2538	0.2129	0.9171
22	9.6104	0.5964	0.6913	0.7632	0.8108	0.8585	0.8585	0.8466	0.8942	0.8823	0.8585	0.8346	0.8227	0.8346	0.7989	0.787	0.7747	0.7393	0.7155	0.6556	0.6559	0.596	0.644	2.7184
22	6.1883	0.4895	0.4479	0.5226	0.5724	0.6304	0.5973	0.6388	0.6221	0.647	0.5807	0.5973	0.5558	0.5724	0.5724	0.5641	0.5392	0.4977	0.4313	0.448	0.3733	0.3816	0.365	1.6176
22	6.6502	0.4146	0.5225	0.6053	0.6384	0.6053	0.655	0.655	0.655	0.6636	0.6301	0.6301	0.6053	0.6053	0.5801	0.5722	0.5225	0.5139	0.506	0.4808	0.4394	0.4063	0.4229	1.5921
22	5.2653	0.3747	0.3815	0.4665	0.4592	0.4877	0.4594	0.4663	0.4806	0.4877	0.4736	0.4804	0.4453	0.4522	0.4524	0.4098	0.3817	0.3674	0.3533	0.3392	0.3182	0.2898	0.2686	1.0813
22	8.0506	0.5162	0.6261	0.6809	0.681	0.7249	0.6809	0.7579	0.7469	0.7358	0.7249	0.7359	0.7029	0.7689	0.6809	0.67	0.7029	0.659	0.615	0.5603	0.5162	0.5382	0.5161	2.3067
22	5.5521	0.3922	0.43	0.4677	0.4979	0.5206	0.5205	0.513	0.4752	0.4677	0.5054	0.4979	0.513	0.4754	0.4374	0.4677	0.4375	0.4375	0.3847	0.3923	0.3395	0.3169	0.264	1.2371
22	5.6724	0.4007	0.3855	0.47	0.424	0.555	0.4777	0.501	0.5087	0.5085	0.5087	0.4779	0.4702	0.4546	0.4394	0.4469	0.3932	0.4007	0.3853	0.3545	0.3547	0.3006	0.2698	1.4026
22	6.7409	0.4319	0.4412	0.5848	0.5851	0.603	0.639	0.702	0.648	0.621	0.621	0.5851	0.5941	0.5761	0.4949	0.5131	0.4951	0.5036	0.5313	0.4859	0.4052	0.396	0.297	1.7102
